39
4.2
45.5
-1
0
0
39
4.2
45.5
-1
0
0
39
4.2
45.5
-1
0
0
39
4.2
45.5
-1
0
0
39
4.2
45.5
-1
0
0
39
4.2
45.5
-1
0
0
39
4.2
45.5
-1
0
0
39
4.2
45.5
-1
0
0
39
4.2
45.5
-1
0
0
39
4.2
45.5
-1
0
0
39
4.2
45.5
-1
0
0
39
4.2
45.5
-1
0
0
39
4.2
45.5
-1
0
0
39
4.2
45.5
-1
0
0
39
4.2
45.5
-1
0
0
39
4.2
45.5
-1
0
0
39
4.2
45.5
-1
0
0
39
4.2
45.5
-1
0
0
39
4.2
45.5
-1
0
0
39
4.2
45.5
-1
0
0
39
4.2
45.5
-1
0
0
39
4.2
45.5
-1
0
0
39
4.2
45.5
-1
0
0
39
4.2
45.5
-1
0
0
39
4.2
45.5
-1
0
0
39
4.2
45.5
-1
0
0
39
4.2
45.5
-1
0
0
39
4.2
45.5
-1
0
0
39
4.2
45.5
-1
0
0
39
4.2
45.5
-1
0
0
39
4.2
45.5
-1
0
0
39
4.2
45.5
-1
0
0
39
4.2
45.5
-1
0
0
39
4.2
45.5
-1
0
0
39
4.2
45.5
-1
0
0
39
4.2
45.5
-1
0
0
39
4.2
45.5
-1
0
0
39
4.2
45.5
-1
0
0
39
4.2
45.5
-1
0
0
39
4.2
45.5
-1
0
0
39
4.2
45.5
-1
0
0
39
4.2
45.5
-1
0
0
39
4.2
45.5
-1
0
0
39
4.2
45.5
-1
0
0
39
4.2
45.5
-1
0
0
39
4.2
45.5
-1
0
0
39
4.2
45.5
-1
0
0
39
4.2
45.5
-1
0
0
39
4.2
45.5
-1
0
0
39
4.2
45.5
-1
0
0
39
4.2
45.5
-1
0
0
39
4.2
45.5
-1
0
0
39
4.2
45.5
-1
0
0
39
4.2
45.5
-4.37114e-08
0
-1
39
4.2
45.5
-4.37114e-08
0
-1
39
4.2
45.5
-4.37114e-08
0
-1
39
4.2
45.5
-4.37114e-08
0
-1
39
4.2
45.5
-4.37114e-08
0
-1
39
4.2
45.5
-0.00872648
-0.00349065
-0.999956
39
4.2
45.5
-0.0366417
-0.0104718
-0.999274
39
4.2
45.5
-0.0471018
-0.0139622
-0.998793
39
4.2
45.5
-0.0488423
-0.0174524
-0.998654
39
4.2
45.5
-0.0505798
-0.0226873
-0.998462
39
4.2
45.5
-0.0505777
-0.0244322
-0.998421
39
4.2
45.5
-0.0453493
-0.0244322
-0.998672
39
4.2
45.5
-0.0383761
-0.0244322
-0.998965
39
4.2
45.5
-0.0348889
-0.0244322
-0.999093
39
4.2
45.5
-0.0331451
-0.0244322
-0.999152
39
4.2
45.5
-0.0331477
-0.0209424
-0.999231
39
4.2
45.5
-0.034895
-0.0157073
-0.999268
39
4.2
45.5
-0.0505879
-0.0139622
-0.998622
39
4.2
45.5
-0.0871491
-0.012217
-0.99612
39
4.2
45.5
-0.107991
-0.012217
-0.994077
39
4.2
45.5
-0.127045
-0.0174524
-0.991743
39
4.2
45.5
-0.168446
-0.0226873
-0.98545
39
4.2
45.5
-0.20784
-0.0261769
-0.977812
39
4.2
45.5
-0.278895
-0.0261769
-0.959965
39
4.2
45.5
-0.34518
-0.0261769
-0.938172
39
4.2
45.5
-0.39541
-0.0261769
-0.918132
39
4.2
45.5
-0.431938
-0.0261769
-0.901524
39
4.2
45.5
-0.446024
-0.0279216
-0.894585
39
4.2
45.5
-0.458448
-0.0296662
-0.888226
39
4.2
45.5
-0.472318
-0.0314108
-0.880869
39
4.2
45.5
-0.479987
-0.0314108
-0.876713
39
4.2
45.5
-0.499725
-0.0331552
-0.865549
39
4.2
45.5
-0.561774
-0.0331552
-0.826626
39
4.2
45.5
-0.583111
-0.0383878
-0.811485
39
4.2
45.5
-0.595702
-0.0418757
-0.802113
39
4.2
45.5
-0.613746
-0.0418757
-0.788392
39
4.2
45.5
-0.63552
-0.0418757
-0.770948
39
4.2
45.5
-0.667247
-0.0418757
-0.743659
39
4.2
45.5
-0.715065
-0.0418757
-0.697803
39
4.2
45.5
-0.759739
-0.0418757
-0.648878
39
4.2
45.5
-0.793718
-0.0418757
-0.606843
39
4.2
45.5
-0.82439
-0.0418757
-0.564471
39
4.2
45.5
-0.841714
-0.0418757
-0.538298
39
4.2
45.5
-0.858207
-0.0418757
-0.511594
39
4.2
45.5
-0.878046
-0.0418757
-0.47674
39
4.2
45.5
-0.89337
-0.0418757
-0.447366
39
4.2
45.5
-0.902543
-0.0418757
-0.428559
39
4.2
45.5
-0.904033
-0.0418757
-0.425406
39
4.2
45.5
-0.907711
-0.0418757
-0.4175
39
4.2
45.5
-0.912034
-0.0418757
-0.407972
39
4.2
45.5
-0.916187
-0.0436194
-0.398369
39
4.2
45.5
-0.916116
-0.045363
-0.398338
39
4.2
45.5
-0.91681
-0.045363
-0.396739
39
4.2
45.5
-0.91681
-0.045363
-0.396739
39
4.2
45.5
-0.91681
-0.045363
-0.396739
39
4.2
45.5
-0.91681
-0.045363
-0.396739
39
4.2
45.5
-0.91681
-0.045363
-0.396739
39
4.2
45.5
-0.91681
-0.045363
-0.396739
39
4.2
45.5
-0.91681
-0.045363
-0.396739
39
4.2
45.5
-0.91681
-0.045363
-0.396739
39
4.2
45.5
-0.91681
-0.045363
-0.396739
39
4.2
45.5
-0.91681
-0.045363
-0.396739
39
4.2
45.5
-0.91681
-0.045363
-0.396739
39
4.2
45.5
-0.91681
-0.045363
-0.396739
38.9206
4.2
45.6836
-0.91542
-0.045363
-0.399937
38.6574
4.19093
45.7868
-0.914018
-0.045363
-0.40313
38.3939
4.18185
45.8892
-0.913313
-0.045363
-0.404724
38.1302
4.17278
45.9911
-0.911252
-0.0436194
-0.409533
37.866
4.16406
46.0916
-0.909817
-0.0436194
-0.412711
37.6014
4.15533
46.1912
-0.908371
-0.0436194
-0.415884
37.3365
4.14661
46.2899
-0.906981
-0.0418757
-0.419084
37.0712
4.13824
46.3876
-0.904775
-0.0418757
-0.423827
36.8054
4.12986
46.484
-0.902608
-0.0401318
-0.428589
36.5391
4.12183
46.5789
-0.897425
-0.0366437
-0.439643
36.2716
4.11451
46.6706
-0.889724
-0.0331552
-0.455294
36.0025
4.10787
46.7576
-0.881692
-0.0314108
-0.470779
35.732
4.10159
46.8399
-0.879262
-0.0296662
-0.475415
35.461
4.09566
46.9207
-0.876007
-0.026177
-0.481588
35.1895
4.09042
46.9997
-0.87432
-0.0261769
-0.484643
34.9176
4.08519
47.0777
-0.870916
-0.0261769
-0.490735
34.6453
4.07995
47.1537
-0.8666
-0.0261769
-0.498316
34.3723
4.07472
47.2275
-0.8631
-0.026177
-0.504354
34.0987
4.06948
47.2993
-0.858666
-0.0261769
-0.511867
33.8246
4.06425
47.3687
-0.856874
-0.0261769
-0.514861
33.5502
4.05901
47.4371
-0.848681
-0.0261769
-0.528256
33.2748
4.05378
47.5013
-0.843103
-0.0261769
-0.537115
32.9987
4.04854
47.5625
-0.838384
-0.0261769
-0.544452
32.7221
4.04331
47.6214
-0.832636
-0.0261769
-0.553201
32.4449
4.03807
47.6773
-0.821783
-0.0296662
-0.569028
32.1667
4.03214
47.728
-0.814769
-0.0296662
-0.579026
31.8879
4.2262
47.7752
-0.809686
-0.0296662
-0.586114
31.6087
4.42027
47.82
-0.802465
-0.0296662
-0.595962
31.3289
4.61434
47.8613
-0.794065
-0.0296662
-0.607108
31.0486
4.8084
47.8988
-0.788737
-0.0296662
-0.614014
30.768
5.00247
47.9338
-0.785469
-0.0314108
-0.618103
30.4873
5.19619
47.9674
-0.776625
-0.0366437
-0.628897
30.2061
5.38886
47.997
-0.762
-0.0418757
-0.646222
29.9243
5.58048
48.0203
-0.752846
-0.0436194
-0.656749
29.6423
5.77176
48.0397
-0.750431
-0.0471065
-0.659269
29.3602
5.96234
48.0581
-0.746841
-0.0505929
-0.663076
29.078
6.15222
48.075
-0.740819
-0.0558215
-0.669381
28.7958
6.34106
48.0895
-0.738478
-0.0558215
-0.671963
28.5135
6.52989
48.1031
-0.737231
-0.057564
-0.673184
28.2312
6.71838
48.1161
-0.734802
-0.0593064
-0.675684
27.9488
6.90652
48.1282
-0.732117
-0.0662739
-0.677947
27.6665
7.09326
48.1394
-0.726917
-0.0749787
-0.68262
27.3842
7.27827
48.1486
-0.719229
-0.0836778
-0.689715
27.102
7.46153
48.155
-0.715171
-0.0906326
-0.693048
26.8197
7.6434
48.1601
-0.708628
-0.0975829
-0.698802
26.5376
7.82389
48.1627
-0.703487
-0.101056
-0.703487
26.2555
8.00368
48.1634
-0.692955
-0.109734
-0.712581
25.9735
8.18173
48.1603
-0.682255
-0.118404
-0.721463
25.6917
8.35805
48.1535
-0.65969
-0.128796
-0.740419
25.4105
8.53229
48.1384
-0.64722
-0.137445
-0.74981
25.1296
8.7048
48.1192
-0.623749
-0.147809
-0.767522
24.8497
8.87524
48.0918
-0.60076
-0.161604
-0.782925
24.5708
9.04292
48.057
-0.577641
-0.171929
-0.797979
24.2933
9.20853
48.0146
-0.566963
-0.180519
-0.80372
24.0165
9.37243
47.9692
-0.560791
-0.185667
-0.806871
23.7401
9.53529
47.9219
-0.545512
-0.195946
-0.814875
23.4648
9.6961
47.8702
-0.531889
-0.202787
-0.822175
23.1905
9.85555
47.8144
-0.503407
-0.211325
-0.837809
22.9184
10.0133
47.7499
-0.49423
-0.214735
-0.842393
22.647
10.1703
47.6826
-0.487959
-0.218143
-0.845168
22.3762
10.3267
47.6136
-0.477031
-0.22325
-0.850059
22.1064
10.4821
47.5414
-0.46493
-0.224951
-0.856293
21.8377
10.6371
47.4656
-0.46044
-0.224951
-0.858715
21.5693
10.7921
47.3884
-0.45425
-0.226651
-0.86156
21.3015
10.9467
47.3093
-0.449365
-0.23005
-0.86322
21.0343
11.1007
47.229
-0.443144
-0.231748
-0.865977
20.7676
11.2544
47.147
-0.433503
-0.236838
-0.869473
20.5019
11.407
47.0623
-0.419433
-0.240228
-0.875423
20.2377
11.559
46.9736
-0.390868
-0.24869
-0.886214
19.9765
11.7092
46.8771
-0.380873
-0.255446
-0.888641
19.7165
11.8581
46.7782
-0.371201
-0.258819
-0.891752
19.4576
12.0064
46.6767
-0.353512
-0.263873
-0.897441
19.2008
12.1536
46.5705
-0.335403
-0.27228
-0.901869
18.9463
12.2991
46.4598
-0.310579
-0.284015
-0.907125
18.695
12.4423
46.3432
-0.297417
-0.289032
-0.909947
18.4454
12.5845
46.2233
-0.284229
-0.29404
-0.912554
18.3885
12.7257
46.0408
-0.279297
-0.295708
-0.913537
18.3327
12.8666
45.8581
-0.274211
-0.299041
-0.913993
18.2778
13.0068
45.6753
-0.269126
-0.30237
-0.914409
18.224
13.1463
45.4924
-0.258954
-0.309017
-0.915124
18.1722
13.2845
45.3094
-0.24733
-0.313993
-0.916644
18.1227
13.4217
45.1261
-0.225942
-0.320613
-0.919868
18.0776
13.5576
44.9421
-0.212439
-0.328867
-0.920172
18.0351
13.6918
44.7581
-0.210704
-0.330514
-0.91998
17.9929
13.8257
44.5741
-0.204025
-0.333807
-0.920297
17.9521
13.9589
44.39
-0.188711
-0.345298
-0.919324
17.9144
14.0899
44.2062
-0.180448
-0.348572
-0.919748
17.8783
14.2202
44.0222
-0.177121
-0.350208
-0.919773
17.8429
14.3501
43.8382
-0.170359
-0.355107
-0.919172
17.8088
14.4791
43.6544
-0.163719
-0.358368
-0.919113
17.776
14.6074
43.4706
-0.158691
-0.361625
-0.918719
17.7443
14.5351
43.2868
-0.153774
-0.363251
-0.918914
17.7136
14.4625
43.1031
-0.14695
-0.369747
-0.917438
17.6842
14.3885
42.9196
-0.143445
-0.374607
-0.91602
17.6555
14.3136
42.7364
-0.138451
-0.377841
-0.91546
17.6278
14.238
42.5533
-0.136853
-0.377841
-0.915701
17.6004
14.1624
42.3701
-0.13356
-0.379456
-0.915519
17.5737
14.0866
42.187
-0.130176
-0.382684
-0.914662
17.5477
14.01
42.0041
-0.128486
-0.384295
-0.914225
17.522
13.9332
41.8213
-0.126798
-0.385906
-0.913783
17.4966
13.856
41.6385
-0.120239
-0.389124
-0.913305
17.4726
13.7782
41.4558
-0.118469
-0.392337
-0.91216
17.4489
13.6997
41.2734
-0.115199
-0.393942
-0.911888
17.4258
13.6209
41.091
-0.110173
-0.398749
-0.910418
17.4038
13.5412
40.9089
-0.108584
-0.398749
-0.910609
17.3821
13.4614
40.7268
-0.106832
-0.401948
-0.909409
17.3607
13.381
40.5449
-0.105163
-0.403546
-0.908896
17.3397
13.3003
40.3632
-0.103417
-0.406737
-0.907673
17.319
13.219
40.1816
-0.101833
-0.406737
-0.907852
17.2986
13.1376
40.0001
-0.101833
-0.406737
-0.907852
17.2783
13.0563
39.8185
-0.101833
-0.406737
-0.907852
17.2579
12.9749
39.6369
-0.100091
-0.409923
-0.906612
17.2379
12.8929
39.4556
-0.0968501
-0.411515
-0.906243
17.2185
12.8106
39.2743
-0.0968501
-0.411515
-0.906243
17.1991
12.7283
39.0931
-0.0936123
-0.413105
-0.905859
17.1804
12.6457
38.9119
-0.0919581
-0.414694
-0.905303
17.162
12.5628
38.7309
-0.0919581
-0.414694
-0.905303
17.1436
12.4798
38.5498
-0.0887267
-0.416281
-0.904896
17.1259
12.3966
38.3688
-0.0838526
-0.419452
-0.903896
17.1091
12.3127
38.188
-0.0822085
-0.421036
-0.903311
17.0927
12.2285
38.0074
-0.0806318
-0.421036
-0.903453
17.0765
12.1443
37.8267
-0.0774149
-0.422619
-0.902995
17.0611
12.0597
37.6461
-0.0758387
-0.422619
-0.903129
17.0459
11.9752
37.4655
-0.0725671
-0.42578
-0.901912
17.0314
11.8901
37.2851
-0.0709928
-0.42578
-0.902038
17.0172
11.8049
37.1047
-0.0709928
-0.42578
-0.902038
17.003
11.7197
36.9243
-0.0694185
-0.42578
-0.90216
16.9891
11.6346
36.7438
-0.0694185
-0.42578
-0.90216
16.9752
11.5494
36.5634
-0.0693613
-0.427358
-0.901418
16.9613
11.464
36.3831
-0.067788
-0.427358
-0.901537
16.9478
11.3785
36.2028
-0.0677319
-0.428935
-0.900792
16.9342
11.2927
36.0227
-0.0661047
-0.430511
-0.900161
16.921
11.2066
35.8426
-0.0645336
-0.430511
-0.900275
16.9081
11.1205
35.6626
-0.062857
-0.433659
-0.898882
16.8955
11.0338
35.4828
-0.0596688
-0.435231
-0.898339
16.8836
10.9467
35.3031
-0.0580517
-0.436802
-0.897682
16.872
10.8594
35.1236
-0.0548713
-0.438372
-0.897117
16.861
10.7717
34.9442
-0.0532143
-0.441506
-0.895679
16.8504
10.6834
34.765
-0.0500876
-0.441506
-0.895859
16.8404
10.5951
34.5859
-0.0484822
-0.443072
-0.895174
16.8307
10.5065
34.4068
-0.0467977
-0.447759
-0.892929
16.8213
10.4169
34.2282
-0.0452392
-0.447759
-0.893009
16.8123
10.3274
34.0496
-0.0421218
-0.447759
-0.893161
16.8038
10.2378
33.871
-0.0405274
-0.449319
-0.892451
16.7957
10.1479
33.6925
-0.0389355
-0.450878
-0.891736
16.7879
10.0578
33.5142
-0.0389355
-0.450878
-0.891736
16.7802
9.9676
33.3358
-0.037379
-0.450878
-0.891803
16.7727
9.87742
33.1575
-0.037346
-0.452435
-0.891015
16.7652
9.78693
32.9793
-0.037346
-0.452435
-0.891015
16.7577
9.69645
32.8011
-0.037346
-0.452435
-0.891015
16.7503
9.60596
32.6229
-0.037346
-0.452435
-0.891015
16.7428
9.51547
32.4447
-0.037346
-0.452435
-0.891015
16.7353
9.42498
32.2664
-0.037346
-0.452435
-0.891015
16.7279
9.3345
32.0882
-0.037346
-0.452435
-0.891015
16.7204
9.24401
31.91
-0.0373129
-0.453991
-0.890225
16.7129
9.15321
31.732
-0.0387972
-0.457098
-0.88857
16.7052
9.06179
31.5543
-0.0449592
-0.45865
-0.887479
16.6962
8.97006
31.3768
-0.0495607
-0.4602
-0.886431
16.6863
8.87802
31.1995
-0.0587336
-0.463297
-0.884255
16.6745
8.78536
31.0226
-0.0632468
-0.466387
-0.882317
16.6619
8.69208
30.8462
-0.0708129
-0.469472
-0.880103
16.6477
8.59819
30.6702
-0.0723488
-0.469472
-0.879978
16.8326
8.5043
30.4778
-0.0768839
-0.471012
-0.87877
17.0164
8.41009
30.2846
-0.0798763
-0.472551
-0.877676
17.1996
8.31558
30.0909
-0.0829394
-0.472551
-0.877392
17.3822
8.22107
29.8966
-0.0889792
-0.474089
-0.87597
17.5633
8.12626
29.7012
-0.0950029
-0.475625
-0.874503
17.7432
8.03113
29.5047
-0.10558
-0.477159
-0.872452
17.9206
7.9357
29.3062
-0.111456
-0.480224
-0.870036
18.0967
7.83965
29.1068
-0.115787
-0.483283
-0.867774
18.2718
7.743
28.9068
-0.120329
-0.483283
-0.867155
18.4458
7.64634
28.7059
-0.127769
-0.48481
-0.865237
18.6181
7.54938
28.5036
-0.133546
-0.48786
-0.862646
18.789
7.45181
28.3005
-0.140931
-0.489383
-0.860606
18.9582
7.35393
28.096
-0.166073
-0.492424
-0.854364
19.1213
7.25545
27.887
-0.17781
-0.493942
-0.85112
19.2816
7.15666
27.6759
-0.200903
-0.498488
-0.843296
19.4359
7.05696
27.4609
-0.209512
-0.500001
-0.8403
19.5881
6.95696
27.2444
-0.222685
-0.500001
-0.836906
19.7368
6.85696
27.0256
-0.23871
-0.500001
-0.832476
19.8813
6.75696
26.804
-0.267348
-0.501511
-0.822807
20.0181
6.65666
26.5776
-0.288209
-0.504528
-0.813872
20.149
6.55575
26.3481
-0.302369
-0.504528
-0.808718
20.2758
6.45485
26.1163
-0.312226
-0.504528
-0.804963
20.3998
6.35394
25.883
-0.333191
-0.504528
-0.796515
20.5177
6.25304
25.6465
-0.347041
-0.504528
-0.790578
20.7008
6.25304
25.5661
-0.367242
-0.506034
-0.780425
20.8818
6.25304
25.4809
-0.379455
-0.506034
-0.77456
21.0614
6.25304
25.393
-0.39693
-0.506034
-0.765752
21.239
6.25304
25.3009
-0.412879
-0.506034
-0.757271
21.4146
6.25304
25.2052
-0.450663
-0.506034
-0.735413
21.5851
6.25304
25.1007
-0.473541
-0.506034
-0.720894
21.7523
6.25304
24.9909
-0.492249
-0.506034
-0.708251
21.9165
6.25304
24.8767
-0.505755
-0.506034
-0.698671
22.0785
6.25304
24.7595
-0.520276
-0.506034
-0.687926
22.238
6.25304
24.6388
-0.539281
-0.506034
-0.673131
22.3941
6.25304
24.5138
-0.546301
-0.506034
-0.667446
22.5489
6.25304
24.3871
-0.552104
-0.506034
-0.662654
22.7025
6.25304
24.2591
-0.560159
-0.506034
-0.655859
22.8546
6.25304
24.1292
-0.572687
-0.503021
-0.647302
23.0044
6.25304
23.9967
-0.582847
-0.500001
-0.640538
23.1523
6.25304
23.862
-0.59783
-0.498488
-0.627781
23.2972
6.25304
23.7241
-0.603285
-0.498488
-0.62254
23.4408
6.25304
23.5849
-0.613604
-0.496975
-0.613601
23.5822
6.25304
23.4435
-0.621054
-0.496975
-0.606059
23.7219
6.25304
23.3004
-0.632575
-0.496975
-0.594025
23.8588
6.25304
23.1546
-0.639785
-0.496975
-0.586252
23.9939
6.25304
23.0071
-0.650567
-0.495459
-0.575571
24.1264
6.25304
22.8573
-0.659528
-0.495459
-0.565282
24.2566
6.25304
22.7055
-0.671221
-0.495459
-0.551346
24.3835
6.25304
22.5509
-0.700952
-0.495459
-0.513017
24.5017
6.25304
22.3895
-0.714528
-0.490904
-0.49846
24.6161
6.25304
22.2255
-0.731379
-0.489383
-0.474961
24.725
6.25304
22.0578
-0.740281
-0.48786
-0.462577
24.831
6.25304
21.8882
-0.751361
-0.48786
-0.444352
24.9328
6.25304
21.716
-0.764957
-0.486336
-0.422277
25.0295
6.25304
21.5409
-0.773706
-0.483283
-0.409654
25.1231
6.25304
21.3642
-0.785738
-0.478692
-0.391753
25.2123
6.25304
21.1852
-0.799278
-0.474089
-0.369317
25.2962
6.25304
21.0036
-0.813036
-0.472551
-0.340099
25.3734
6.25304
20.8191
-0.822768
-0.472551
-0.315829
25.445
6.25304
20.6324
-0.827627
-0.472551
-0.302867
25.5138
6.25304
20.4446
-0.833289
-0.472551
-0.286923
25.5789
6.25304
20.2555
-0.847809
-0.46793
-0.249522
25.6353
6.25304
20.0636
-0.853652
-0.46793
-0.228734
25.6871
6.25304
19.8704
-0.855228
-0.46793
-0.222769
25.7375
6.25304
19.6769
-0.85714
-0.46793
-0.215297
25.7862
6.25304
19.4829
-0.859047
-0.466387
-0.211001
25.834
6.25304
19.2887
-0.860499
-0.466387
-0.204999
25.8803
6.25304
19.0941
-0.86121
-0.466387
-0.201993
25.926
6.25304
18.8994
-0.861909
-0.466387
-0.198986
25.971
6.25304
18.7046
-0.86474
-0.464843
-0.190124
26.0139
6.25304
18.5092
-0.86872
-0.463297
-0.175163
26.0534
6.25304
18.3132
-0.872717
-0.461749
-0.158598
26.0892
6.25304
18.1164
-0.874846
-0.461749
-0.146398
26.0892
6.25304
18.1164
-0.877268
-0.461749
-0.131107
26.0892
6.25304
18.1164
-0.879013
-0.461749
-0.118846
26.0892
6.25304
18.1164
-0.879821
-0.461749
-0.112706
26.0892
6.25304
18.1164
-0.880399
-0.461749
-0.108098
26.0892
6.25304
18.1164
-0.881132
-0.461749
-0.101949
26.0892
6.25304
18.1164
-0.882927
-0.461749
-0.085015
26.0892
6.25304
18.1164
-0.884396
-0.461749
-0.0680494
26.0892
6.25304
18.1164
-0.886343
-0.4602
-0.051105
26.0892
6.25304
18.1164
-0.887425
-0.4602
-0.0263367
26.0892
6.25304
18.1164
-0.887749
-0.4602
-0.0108451
26.0892
6.25304
18.1164
-0.887749
-0.4602
0.0108478
26.0892
6.25304
18.1164
-0.887469
-0.4602
0.0247906
26.0892
6.25304
18.1164
-0.8871
-0.4602
0.0356307
26.0892
6.25304
18.1164
-0.886901
-0.4602
0.0402752
26.0892
6.25304
18.1164
-0.886678
-0.4602
0.0449186
26.0892
6.25304
18.1164
-0.886598
-0.4602
0.046466
26.0787
6.25304
17.9167
-0.886598
-0.4602
0.046466
26.0683
6.25304
17.7169
-0.886516
-0.4602
0.0480134
26.0574
6.25304
17.5172
-0.886516
-0.4602
0.0480134
26.0466
6.25304
17.3175
-0.886516
-0.4602
0.0480134
26.0358
6.25304
17.1178
-0.886516
-0.4602
0.0480134
26.025
6.25304
16.9181
-0.886516
-0.4602
0.0480134
26.0142
6.25304
16.7184
-0.886516
-0.4602
0.0480134
26.0034
6.25304
16.5187
-0.886516
-0.4602
0.0480134
25.9925
6.25304
16.319
-0.886516
-0.4602
0.0480134
25.9817
6.25304
16.1193
-0.886516
-0.4602
0.0480134
25.9709
6.25304
15.9196
-0.886516
-0.4602
0.0480134
25.9601
6.25304
15.7199
-0.886516
-0.4602
0.0480134
25.9493
6.25304
15.5202
-0.886516
-0.4602
0.0480134
25.9385
6.25304
15.3204
-0.886516
-0.4602
0.0480134
25.9276
6.25304
15.1207
-0.886516
-0.4602
0.0480134
25.9168
6.25304
14.921
-0.886516
-0.4602
0.0480134
25.906
6.25304
14.7213
-0.886516
-0.4602
0.0480134
25.8952
6.25304
14.5216
-0.886516
-0.4602
0.0480134
25.8844
6.25304
14.3219
-0.886431
-0.4602
0.0495607
25.8732
6.25304
14.1222
-0.885863
-0.4602
0.0588406
25.86
6.25304
13.9227
-0.885652
-0.4602
0.0619325
25.846
6.25304
13.7232
-0.884437
-0.4602
0.0773797
25.8286
6.25304
13.5239
-0.883728
-0.4602
0.085095
25.8094
6.25304
13.3248
-0.883112
-0.4602
0.0912623
25.7889
6.25304
13.1259
-0.882622
-0.4602
0.095885
25.7673
6.25304
12.9271
-0.882282
-0.4602
0.0989653
25.745
6.25304
12.7283
-0.88157
-0.4602
0.105122
25.7213
6.25304
12.5297
-0.880395
-0.45865
0.120601
25.6941
6.25304
12.3316
-0.879875
-0.457098
0.12993
25.6649
6.25304
12.1337
-0.879969
-0.455545
0.134656
25.6347
6.25304
11.936
-0.877746
-0.455545
0.148461
25.6013
6.25304
11.7388
-0.876924
-0.453991
0.157785
25.5659
6.25304
11.542
-0.876957
-0.449319
0.170465
25.5277
6.25304
11.3457
-0.876203
-0.44776
0.178267
25.4879
6.25304
11.1497
-0.875377
-0.446198
0.186069
25.4463
6.25304
10.954
-0.87496
-0.441506
0.198788
25.402
6.25304
10.759
-0.874657
-0.43994
0.203541
25.3566
6.25304
10.5642
-0.8743
-0.43994
0.205067
25.311
6.25304
10.3695
-0.8743
-0.43994
0.205067
25.2653
6.25304
10.1748
-0.87579
-0.436802
0.205417
25.2196
6.25304
9.98007
-0.877269
-0.433659
0.205764
25.1739
6.25304
9.78535
-0.878718
-0.432086
0.20287
25.129
6.25304
9.59048
-0.885381
-0.42578
0.186581
25.0877
6.25304
9.39478
-0.890179
-0.419452
0.177877
25.0485
6.25304
9.19865
-0.892631
-0.414694
0.176748
25.0097
6.25304
9.00246
-0.895056
-0.409923
0.175605
24.9712
6.25304
8.8062
-0.896761
-0.406737
0.174314
24.933
6.25304
8.60988
-0.900131
-0.400349
0.171711
24.8955
6.25304
8.41342
-0.903528
-0.392337
0.172359
24.8581
6.25304
8.21696
-0.907815
-0.382684
0.171535
24.8209
6.25304
8.02044
-0.910418
-0.376225
0.172027
24.7838
6.25304
7.82392
-0.915465
-0.364877
0.169673
24.7473
6.25304
7.62727
-0.923069
-0.34366
0.17275
24.5259
6.1843
7.46523
-0.93676
-0.295708
0.187185
24.2994
6.12516
7.30655
-0.939084
-0.285689
0.19106
24.0717
6.06802
7.14877
-0.942689
-0.270601
0.195223
23.8426
6.0139
6.99197
-0.945412
-0.260505
0.195787
23.613
5.9618
6.83529
-0.947603
-0.25207
0.196241
23.3829
5.91139
6.67869
-0.949376
-0.243615
0.198337
23.1521
5.86267
6.52258
-0.951121
-0.233446
0.202169
22.9203
5.81598
6.36739
-0.951518
-0.231748
0.202253
22.6884
5.76963
6.21221
-0.951979
-0.226652
0.205827
22.4558
5.7243
6.05789
-0.952747
-0.223251
0.205993
22.2229
5.67965
5.90361
-0.953503
-0.219847
0.206157
21.99
5.63568
5.74935
-0.953503
-0.219847
0.206157
21.757
5.59171
5.5951
-0.953876
-0.218144
0.206237
21.524
5.54808
5.44087
-0.954615
-0.214736
0.206397
21.2908
5.50513
5.28666
-0.954973
-0.214736
0.20473
21.0579
5.46218
5.13205
-0.9557
-0.211325
0.204886
20.8248
5.41992
4.97747
-0.956772
-0.207912
0.20337
20.5919
5.37834
4.82252
-0.957126
-0.206205
0.203445
20.3589
5.3371
4.66758
-0.957126
-0.206205
0.203445
20.1259
5.29586
4.51264
-0.957126
-0.206205
0.203445
19.8928
5.25462
4.3577
-0.957126
-0.206205
0.203445
19.6598
5.21337
4.20275
-0.957126
-0.206205
0.203445
19.4684
5.17213
4.24344
-0.957126
-0.206205
0.203445
19.277
5.13089
4.28413
-0.957126
-0.206205
0.203445
19.0856
5.08965
4.32482
-0.957126
-0.206205
0.203445
18.8941
5.04841
4.36551
-0.957126
-0.206205
0.203445
18.7027
5.00717
4.4062
-0.958178
-0.206205
0.198431
18.5111
4.96593
4.44589
-0.960573
-0.202788
0.190201
18.319
4.92537
4.48393
-0.962245
-0.199368
0.185301
18.1265
4.8855
4.52099
-0.964474
-0.197658
0.175276
17.9336
4.84597
4.55604
-0.967783
-0.194235
0.160217
17.7401
4.80712
4.58808
-0.970072
-0.190809
0.150177
17.5461
4.76896
4.61812
-0.974301
-0.183952
0.130001
17.3512
4.73217
4.64412
-0.97624
-0.18052
0.119869
17.1559
4.69606
4.66809
-0.978439
-0.177085
0.106294
16.9603
4.66065
4.68935
-0.98322
-0.166769
0.0739302
16.7636
4.62729
4.70414
-0.98423
-0.165048
0.0636487
16.5668
4.59428
4.71687
-0.986149
-0.158158
0.0499577
16.3695
4.56265
4.72686
-0.987145
-0.156435
0.0327484
16.1721
4.53137
4.73341
-0.988199
-0.151261
0.0241525
15.9745
4.50111
4.73824
-0.988992
-0.14781
0.00690613
15.7767
4.47155
4.73962
-0.989775
-0.142629
-0.00172611
15.5787
4.44303
4.73928
-0.990171
-0.139173
-0.0138249
15.3807
4.41519
4.73651
-0.990452
-0.135716
-0.0242048
15.1826
4.38805
4.73167
-0.990318
-0.133987
-0.0363117
14.9845
4.36125
4.72441
-0.990272
-0.132257
-0.0432347
14.7865
4.3348
4.71576
-0.990175
-0.130527
-0.0501584
14.5884
4.30869
4.70573
-0.990044
-0.127065
-0.0605521
14.3904
4.28328
4.69362
-0.989817
-0.125334
-0.0674774
14.1925
4.25821
4.68012
-0.989349
-0.12187
-0.0795998
13.9946
4.23384
4.6642
-0.98872
-0.118404
-0.0917192
13.7968
4.21016
4.64586
-0.987931
-0.114938
-0.103834
13.5993
4.18717
4.62509
-0.986987
-0.113204
-0.114197
13.4019
4.16453
4.60225
-0.986571
-0.111469
-0.119387
13.2046
4.14224
4.57838
-0.986123
-0.109735
-0.124575
13.0324
4.12029
4.35504
-0.985831
-0.106264
-0.129786
12.8613
4.09904
4.13079
-0.9846
-0.104529
-0.140128
12.6926
4.07813
3.90476
-0.984032
-0.102793
-0.145308
12.525
4.05757
3.67785
-0.98317
-0.101057
-0.152201
12.359
4.03736
3.44976
-0.982256
-0.0993202
-0.159089
12.1945
4.0175
3.22052
-0.981579
-0.0975833
-0.164258
12.0312
3.99798
2.99041
-0.980871
-0.0958462
-0.169424
11.8691
3.97881
2.75944
-0.979828
-0.0941087
-0.176297
11.7085
3.95999
2.52734
-0.979679
-0.092371
-0.178036
11.5483
3.94152
2.29496
-0.978733
-0.092371
-0.183163
11.3894
3.92304
2.06174
-0.97889
-0.090633
-0.183193
11.2304
3.90491
1.82851
-0.97889
-0.090633
-0.183193
11.0714
3.88679
1.59529
-0.97889
-0.090633
-0.183193
10.9124
3.86866
1.36206
-0.97889
-0.090633
-0.183193
10.7534
3.85054
1.12883
-0.979363
-0.0888947
-0.181512
10.594
3.83276
0.895881
-0.981361
-0.0871562
-0.171273
10.4321
3.81533
0.664605
-0.983395
-0.0836783
-0.161035
10.2677
3.79859
0.435026
-0.986199
-0.0819389
-0.143869
10.0994
3.7822
0.208347
-0.987929
-0.0784595
-0.133571
9.92859
3.76651
-0.0165637
-0.989832
-0.0767195
-0.119781
9.75465
3.75117
-0.239071
-0.99228
-0.0697569
-0.10254
9.57675
3.73721
-0.45852
-0.994416
-0.0645327
-0.0835014
9.3946
3.72431
-0.674519
-0.99627
-0.0593068
-0.062678
9.20791
3.71245
-0.88666
-0.997521
-0.0523364
-0.0470399
9.01782
3.70198
-1.09585
-0.998367
-0.0488502
-0.029629
8.82408
3.69221
-1.30168
-0.999121
-0.0418761
-0.0017417
8.62461
3.68383
-1.50203
-0.998986
-0.0366441
0.0261614
8.41957
3.67651
-1.69673
-0.997793
-0.0331556
0.0575345
8.2085
3.66987
-1.88489
-0.996425
-0.0314112
0.0784224
7.99353
3.66359
-2.06859
-0.994905
-0.0314112
0.0958006
7.77537
3.65731
-2.24851
-0.991774
-0.0261774
0.125292
7.55195
3.65207
-2.42187
-0.988239
-0.0226878
0.151224
7.32405
3.64754
-2.58933
-0.985191
-0.0209429
0.170174
7.09297
3.64335
-2.75238
-0.982071
-0.0209429
0.187342
6.85908
3.63916
-2.91136
-0.976523
-0.0174528
0.214705
6.62083
3.63567
-3.06376
-0.972655
-0.0157078
0.231721
6.37995
3.63253
-3.21197
-0.968921
-0.0139626
0.246977
6.13676
3.62973
-3.35638
-0.964922
-0.0139626
0.262165
5.89134
3.62694
-3.49695
-0.957785
-0.00872697
0.287351
5.64231
3.6252
-3.63104
-0.95368
-0.00872697
0.300696
5.39143
3.62345
-3.76164
-0.948317
-0.00349109
0.317304
5.13831
3.62275
-3.88785
-0.941469
-0.00174577
0.337096
4.8826
3.6224
-4.00872
-0.931689
0.00174489
0.363253
4.62361
3.62275
-4.12241
-0.919112
0.00698082
0.393934
4.361
3.62415
-4.22745
-0.898005
0.00698082
0.43993
4.09341
3.62555
-4.31907
-0.874586
0.0087261
0.484793
3.82153
3.62729
-4.39704
-0.855331
0.0087261
0.518009
3.54686
3.62904
-4.46451
-0.838638
0.0087261
0.54462
3.2702
3.63078
-4.52332
-0.82012
0.0087261
0.572126
2.99175
3.63253
-4.57292
-0.797564
0.00698082
0.603195
2.71159
3.63392
-4.6118
-0.773839
-4.37445e-07
0.633382
2.43015
3.63392
-4.63989
-0.754698
-0.0052364
0.656051
2.148
3.63287
-4.65962
-0.731298
-0.0122174
0.681949
1.86534
3.63043
-4.6695
-0.710643
-0.0209429
0.703241
1.58253
3.62624
-4.67101
-0.698107
-0.0296667
0.715379
1.29977
3.62031
-4.66762
-0.693059
-0.0314112
0.720197
1.01705
3.61403
-4.66226
-0.6854
-0.0348999
0.72733
0.734412
3.60705
-4.65396
-0.684129
-0.0348999
0.728526
0.451792
3.60007
-4.64516
-0.67894
-0.0383882
0.73319
0.169258
3.59239
-4.63441
-0.673758
-0.0401322
0.737861
-0.113185
3.58436
-4.6217
-0.652639
-0.0488502
0.756092
-0.395112
3.57459
-4.60117
-0.641906
-0.0523364
0.764995
-0.676702
3.56413
-4.57673
-0.630849
-0.061049
0.7735
-0.802872
3.55192
-4.42203
-0.61126
-0.0732386
0.788034
-0.925124
3.53727
-4.26442
-0.585636
-0.0854174
0.806061
-1.04225
3.52018
-4.10321
-0.56818
-0.0941087
0.817506
-1.15589
3.50136
-3.93971
-0.556523
-0.0975833
0.825082
-1.26719
3.48185
-3.77469
-0.517659
-0.113204
0.848065
-1.37072
3.45921
-3.60508
-0.484012
-0.125334
0.866039
-1.46753
3.43414
-3.43187
-0.463818
-0.132257
0.876003
-1.56029
3.40769
-3.25667
-0.443508
-0.137445
0.885669
-1.64899
3.3802
-3.07954
-0.426215
-0.140902
0.893581
-1.73423
3.35202
-2.90082
-0.42153
-0.140902
0.895801
-1.81854
3.32384
-2.72166
-0.419966
-0.140902
0.896535
-1.90253
3.29566
-2.54235
-0.419966
-0.140902
0.896535
-1.98653
3.26748
-2.36304
-0.4184
-0.140902
0.897267
-2.07021
3.2393
-2.18359
-0.4184
-0.140902
0.897267
-2.15389
3.21112
-2.00414
-0.4184
-0.140902
0.897267
-2.23757
3.18294
-1.82468
-0.4184
-0.140902
0.897267
-2.32125
3.15476
-1.64523
-0.423093
-0.140902
0.895064
-2.40587
3.12658
-1.46622
-0.429437
-0.139174
0.892309
-2.49175
3.09874
-1.28776
-0.434314
-0.135716
0.890479
-2.57862
3.0716
-1.10966
-0.439074
-0.133987
0.888404
-2.66643
3.0448
-0.93198
-0.442173
-0.133987
0.886866
-2.75487
3.018
-0.754607
-0.443824
-0.132257
0.8863
-2.84363
2.99155
-0.577347
-0.443824
-0.132257
0.8863
-2.9324
2.9651
-0.400087
-0.445371
-0.132257
0.885524
-3.02147
2.93865
-0.222982
-0.450208
-0.128796
0.883586
-3.11151
2.91289
-0.0462651
-0.45329
-0.128796
0.882009
-3.20217
2.88713
0.130137
-0.458005
-0.127065
0.879822
-3.29377
2.86172
0.306101
-0.462708
-0.125334
0.877606
-3.38631
2.83665
0.481622
-0.464341
-0.123602
0.876989
-3.47918
2.81193
0.65702
-0.470452
-0.123602
0.873726
-3.57327
2.78721
0.831766
-0.481297
-0.120137
0.868286
-3.66953
2.76318
1.00542
-0.48906
-0.116671
0.864412
-3.76734
2.73985
1.17831
-0.502879
-0.111469
0.857139
-3.86792
2.71755
1.34973
-0.514996
-0.108
0.850362
-3.97092
2.69595
1.51981
-0.524163
-0.102793
0.845391
-4.07575
2.6754
1.68888
-0.527111
-0.102793
0.843556
-4.18117
2.65484
1.85759
-0.534548
-0.101057
0.839074
-4.28808
2.63463
2.02541
-0.539122
-0.0975834
0.836556
-4.39591
2.61511
2.19272
-0.544949
-0.0975834
0.832771
-4.5049
2.59559
2.35928
-0.548037
-0.0941088
0.831143
-4.6145
2.57677
2.5255
-0.554006
-0.0906331
0.827565
-4.7253
2.55864
2.69102
-0.558419
-0.0888948
0.824783
-4.83699
2.54087
2.85597
-0.561294
-0.0888948
0.822828
-4.94925
2.52309
3.02054
-0.565767
-0.0854174
0.820129
-5.0624
2.506
3.18456
-0.567282
-0.0836783
0.819261
-5.17586
2.48927
3.34842
-0.568875
-0.0801994
0.818505
-5.28963
2.47323
3.51212
-0.571808
-0.0784596
0.816627
-5.40399
2.45754
3.67544
-0.574733
-0.0767195
0.814737
-5.51894
2.44219
3.83839
-0.57765
-0.0749792
0.812834
-5.63447
2.4272
4.00096
-0.579143
-0.0732387
0.811929
-5.7503
2.41255
4.16334
-0.583603
-0.0680158
0.809186
-5.86702
2.39894
4.32518
-0.58656
-0.0645328
0.807331
-5.98433
2.38604
4.48665
-0.590909
-0.061049
0.804425
-6.10251
2.37383
4.64753
-0.593776
-0.0593069
0.802442
-6.22127
2.36197
4.80802
-0.595236
-0.0575645
0.801486
-6.34031
2.35045
4.96832
-0.596806
-0.0523364
0.800677
-6.45968
2.33999
5.12845
-0.598309
-0.0488503
0.799775
-6.57934
2.33022
5.28841
-0.599754
-0.0471069
0.798797
-6.69929
2.3208
5.44817
-0.599802
-0.0453635
0.798861
-6.81925
2.31172
5.60794
-0.599849
-0.0436199
0.798923
-6.93922
2.303
5.76772
-0.599894
-0.0418762
0.798983
-7.0592
2.29462
5.92752
-0.599978
-0.0383883
0.799095
-7.17919
2.28695
6.08734
-0.601411
-0.0366442
0.798099
-7.29948
2.27962
6.24696
-0.601449
-0.0349
0.798149
-7.41977
2.27264
6.40659
-0.601519
-0.0314113
0.798241
-7.54007
2.26635
6.56624
-0.601551
-0.0296667
0.798284
-7.66038
2.26042
6.72589
-0.601581
-0.0279221
0.798324
-7.7807
2.25484
6.88556
-0.600289
-0.0209429
0.799509
-7.90075
2.45065
7.04546
-0.59895
-0.0157078
0.800632
-8.02054
2.64751
7.20559
-0.59479
-0.0104723
0.803813
-8.1395
2.84541
7.36635
-0.592013
-0.00174583
0.805927
-8.2579
3.04506
7.52754
-0.589193
0.00349015
0.807985
-8.37574
3.24576
7.68913
-0.584944
0.00698076
0.811044
-8.49273
3.44716
7.85134
-0.583509
0.0104713
0.812039
-8.60943
3.64925
8.01375
-0.582066
0.0139617
0.813021
-8.72585
3.85204
8.17635
-0.580631
0.0157068
0.814015
-8.84197
4.05519
8.33916
-0.580596
0.0191969
0.813966
-8.95809
4.25903
8.50195
-0.57626
0.0244317
0.816901
-9.07335
4.46391
8.66533
-0.57338
0.0261765
0.818871
-9.18802
4.66915
8.8291
-0.570491
0.0279211
0.820829
-9.30212
4.87473
8.99327
-0.567563
0.0314103
0.82273
-9.41563
5.08101
9.15781
-0.564656
0.0331547
0.82466
-9.52856
5.28764
9.32275
-0.561706
0.0366432
0.826525
-9.6409
5.49497
9.48805
-0.558781
0.0383873
0.828427
-9.75266
5.70265
9.65374
-0.557296
0.0401313
0.829344
-9.86412
5.91067
9.81961
-0.552865
0.0436189
0.832129
-9.97469
6.1194
9.98603
-0.546909
0.0488493
0.835765
-10.0841
6.32917
10.1532
-0.542526
0.0488493
0.838618
-10.1926
6.53894
10.3209
-0.53357
0.0540783
0.844025
-10.2993
6.74975
10.4897
-0.523117
0.0575635
0.850315
-10.4039
6.96127
10.6598
-0.50798
0.0645318
0.858948
-10.5055
7.17417
10.8316
-0.497273
0.069756
0.864785
-10.605
7.38812
11.0045
-0.484966
0.0749782
0.871313
-10.702
7.60312
11.1788
-0.471029
0.0801984
0.878465
-10.7962
7.81916
11.3545
-0.460129
0.0836773
0.8839
-10.8882
8.03589
11.5313
-0.456973
0.0854164
0.88537
-10.9796
8.25298
11.7083
-0.453812
0.0871553
0.886825
-11.0703
8.47041
11.8857
-0.449092
0.0888938
0.889052
-11.1602
8.68818
12.0635
-0.444362
0.0906321
0.891251
-11.249
8.90631
12.2418
-0.442734
0.0923701
0.891882
-11.3376
9.12478
12.4201
-0.437839
0.0975824
0.893742
-11.4252
9.3443
12.5989
-0.433003
0.101056
0.89571
-11.5118
9.56451
12.778
-0.431283
0.104528
0.896141
-11.598
9.78542
12.9573
-0.431283
0.104528
0.896141
-11.6843
10.0063
13.1365
-0.429719
0.104528
0.896892
-11.7702
10.2272
13.3159
-0.428152
0.104528
0.897641
-11.8558
10.4481
13.4954
-0.428073
0.106264
0.897475
-11.9415
10.6694
13.6749
-0.428073
0.106264
0.897475
-12.0271
10.8906
13.8544
-0.428073
0.106264
0.897475
-12.1127
11.1119
14.0339
-0.428073
0.106264
0.897475
-12.1983
11.3331
14.2134
-0.426506
0.106264
0.898221
-12.2836
11.5544
14.393
-0.424937
0.106264
0.898964
-12.3686
11.7756
14.5728
-0.420225
0.106264
0.901177
-12.4526
11.9969
14.753
-0.418651
0.106264
0.901909
-12.5364
12.2182
14.9334
-0.413999
0.104528
0.904256
-12.6192
12.4391
15.1143
-0.409619
0.0958452
0.907208
-12.7011
12.6582
15.2957
-0.408235
0.0906321
0.908367
-12.7827
12.8764
15.4774
-0.402188
0.081938
0.911883
-12.8632
13.0927
15.6598
-0.396131
0.0714969
0.915406
-12.9424
13.307
15.8428
-0.383657
0.0575635
0.92168
-13.0191
13.5186
16.0272
-0.377451
0.0453625
0.924918
-13.0946
13.7276
16.2122
-0.36798
0.0279211
0.929414
-13.1682
13.9332
16.398
-0.363195
0.0174519
0.93155
-13.2409
14.1367
16.5844
-0.353469
0.00523545
0.935431
-13.3116
14.3377
16.7714
-0.346916
-0.0104723
0.937838
-13.3809
14.5357
16.959
-0.338605
-0.0279222
0.940514
-13.4487
14.7301
17.1471
-0.328445
-0.0505935
0.943167
-13.5143
14.9199
17.3357
-0.321593
-0.0645328
0.944676
-13.5787
15.107
17.5247
-0.316237
-0.081939
0.945135
-13.6419
15.2907
17.7137
-0.305672
-0.104529
0.946382
-13.703
15.4697
17.903
-0.298399
-0.123602
0.946404
-13.7627
15.645
18.0923
-0.294623
-0.135716
0.945927
-13.8217
15.8179
18.2815
-0.290656
-0.151261
0.944796
-13.8798
15.9876
18.4704
-0.286285
-0.173649
0.942278
-13.937
16.1529
18.6589
-0.271153
-0.209619
0.939434
-13.9913
16.311
18.8468
-0.267256
-0.219847
0.938212
-14.0447
16.467
19.0344
-0.257327
-0.247
0.934224
-14.0962
16.6176
19.2212
-0.250907
-0.26892
0.929907
-14.1464
16.7638
19.4072
-0.239311
-0.294041
0.925349
-14.1942
16.905
19.5923
-0.223249
-0.313993
0.922805
-14.2389
17.0422
19.7769
-0.212566
-0.327218
0.92073
-14.2814
17.1768
19.961
-0.200055
-0.34366
0.917538
-14.3214
17.3081
20.1445
-0.191293
-0.353475
0.915676
-14.3597
17.4374
20.3276
-0.17115
-0.366502
0.91454
-14.3939
17.5641
20.5106
-0.129699
-0.390732
0.911322
-14.4198
17.6859
20.6928
-0.0939772
-0.405142
0.909411
-14.4386
17.8049
20.8747
-0.0473534
-0.42578
0.903587
-14.4481
17.9197
21.0554
0.00156085
-0.449319
0.89337
-14.6478
18.0299
21.2344
0.0584635
-0.471012
0.880187
-14.8357
18.1357
21.4237
0.110702
-0.490904
0.864152
-15.0119
18.2375
21.622
0.155382
-0.509042
0.846601
-15.1775
18.3357
21.8274
0.194911
-0.52101
0.830998
-15.3333
18.4315
22.0393
0.238538
-0.526956
0.815731
-15.4775
18.5261
22.2586
0.29878
-0.534353
0.790695
-15.6048
18.6192
22.4874
0.417511
-0.534353
0.73495
-15.6952
18.7123
22.7332
0.50706
-0.544639
0.668025
-15.7531
18.8034
22.9877
0.546135
-0.549023
0.632701
-15.7953
18.8936
23.2449
0.595658
-0.560639
0.575218
-15.8151
18.9815
23.5038
0.674259
-0.566407
0.473876
-15.7953
19.0682
23.7622
0.714141
-0.56928
0.407337
-15.7515
19.1544
24.0174
0.724358
-0.570714
0.38677
-15.7009
19.2402
24.2712
0.721922
-0.573577
0.38709
-15.651
19.3255
24.5249
0.721245
-0.573577
0.388349
-15.6015
19.4108
24.7787
0.721245
-0.573577
0.388349
-15.5521
19.4961
25.0324
0.721245
-0.573577
0.388349
-15.5027
19.5814
25.2862
0.721245
-0.573577
0.388349
-15.4533
19.6666
25.5399
0.721245
-0.573577
0.388349
-15.4038
19.7519
25.7937
0.721245
-0.573577
0.388349
-15.3544
19.8372
26.0475
0.721245
-0.573577
0.388349
-15.305
19.9225
26.3012
0.721245
-0.573577
0.388349
-15.2555
20.0078
26.555
0.721245
-0.573577
0.388349
-15.2061
20.0931
26.8088
0.721245
-0.573577
0.388349
-15.1567
20.1783
27.0625
0.721245
-0.573577
0.388349
-15.1072
20.2636
27.3163
0.721245
-0.573577
0.388349
-15.0578
20.3489
27.5701
0.721245
-0.573577
0.388349
-15.0084
20.4342
27.8238
0.721245
-0.573577
0.388349
-14.9589
20.5195
28.0776
0.721245
-0.573577
0.388349
-14.9095
20.6048
28.3314
0.721245
-0.573577
0.388349
-14.8601
20.6901
28.5851
0.721245
-0.573577
0.388349
-14.8106
20.7753
28.8389
0.721245
-0.573577
0.388349
-14.7612
20.8606
29.0927
0.721245
-0.573577
0.388349
-14.7118
20.9459
29.3464
0.721245
-0.573577
0.388349
-14.6623
21.0312
29.6002
0.721245
-0.573577
0.388349
-14.6129
21.1165
29.854
0.721245
-0.573577
0.388349
-14.7077
21.3165
30.03
0.721245
-0.573577
0.388349
-14.8025
21.5165
30.2061
0.721245
-0.573577
0.388349
-14.8974
21.5165
30.3822
0.721245
-0.573577
0.388349
-14.9922
21.5165
30.5583
0.721245
-0.573577
0.388349
-15.087
21.5165
30.7344
0.721245
-0.573577
0.388349
-15.1818
21.5165
30.9105
0.721245
-0.573577
0.388349
-15.2766
21.5165
31.0866
0.721245
-0.573577
0.388349
-15.3714
21.5165
31.2627
0.721245
-0.573577
0.388349
-15.4663
21.5165
31.4388
0.721245
-0.573577
0.388349
-15.5611
21.5165
31.6149
0.722384
-0.575006
0.384097
-15.655
21.5165
31.7915
0.722369
-0.579282
0.377645
-15.7476
21.5165
31.9687
0.722393
-0.586373
0.36649
-15.8381
21.5165
32.1471
0.728351
-0.590606
0.347405
-15.9242
21.5165
32.3276
0.736232
-0.596225
0.320122
-16.004
21.5165
32.511
0.737933
-0.603208
0.302647
-16.0799
21.5165
32.6961
0.74214
-0.605989
0.286367
-16.1519
21.5165
32.8827
0.745553
-0.607376
0.274309
-16.2209
21.5165
33.0704
0.748443
-0.612907
0.253333
-16.285
21.5165
33.2598
0.752847
-0.619779
0.221574
-16.3415
21.5165
33.4517
0.756249
-0.625243
0.192764
-16.3909
21.5165
33.6455
0.756613
-0.629321
0.177461
-16.4366
21.5165
33.8402
0.754708
-0.634731
0.165932
-16.4795
21.5165
34.0355
0.755592
-0.636078
0.156474
-16.5201
21.5165
34.2314
0.755173
-0.64011
0.141326
-16.5569
21.5165
34.428
0.755539
-0.642788
0.126433
-16.5899
21.5165
34.6252
0.755294
-0.644124
0.120977
-16.6215
21.5165
34.8227
0.755406
-0.645458
0.112895
-16.6511
21.5165
35.0205
0.75441
-0.649448
0.0953029
-16.6761
21.5165
35.2189
0.752424
-0.653421
0.0830675
-16.6981
21.5165
35.4177
0.751635
-0.657375
0.0538766
-16.7124
21.5165
35.6172
0.751699
-0.65869
0.0328192
-16.7211
21.5165
35.817
0.748951
-0.66262
0.0026137
-16.7218
21.5165
36.017
0.745246
-0.665231
-0.0455814
-16.7096
21.5165
36.2166
0.740097
-0.667833
-0.0790939
-16.6884
21.5165
36.4155
0.735458
-0.670427
-0.0981316
-16.6619
21.5165
36.6137
0.733826
-0.670427
-0.109671
-16.6323
21.5165
36.8115
0.727924
-0.671721
-0.137543
-16.5952
21.5165
37.0081
0.721504
-0.674302
-0.157314
-16.5526
21.5165
37.2035
0.712817
-0.67559
-0.188335
-16.5015
21.5165
37.3968
0.710806
-0.67559
-0.195789
-16.4484
21.5165
37.5897
0.706181
-0.67559
-0.211865
-16.3909
21.5165
37.7812
0.698548
-0.67816
-0.228321
-16.3288
21.5165
37.9713
0.686815
-0.679441
-0.258157
-16.2584
21.5165
38.1585
0.681258
-0.679441
-0.272484
-16.1841
21.5165
38.3442
0.673891
-0.679441
-0.290224
-16.105
21.5165
38.5279
0.667666
-0.679441
-0.304273
-16.0221
21.5165
38.7099
0.661701
-0.679441
-0.317035
-15.9357
21.5165
38.8903
0.655493
-0.679441
-0.329679
-15.8458
21.5165
39.0689
0.652005
-0.679441
-0.336526
-15.7541
21.5165
39.2467
0.646032
-0.679441
-0.347853
-15.6593
21.5165
39.4228
0.641113
-0.679441
-0.356839
-15.562
21.5165
39.5975
0.629587
-0.679441
-0.376801
-15.4593
21.5165
39.7691
0.610429
-0.679441
-0.407107
-15.3483
21.5165
39.9355
0.60541
-0.679441
-0.414534
-15.2353
21.5165
40.1005
0.601769
-0.679441
-0.419802
-15.1209
21.5165
40.2646
0.594351
-0.679441
-0.43024
-15.0036
21.5165
40.4266
0.584437
-0.679441
-0.443613
-14.8827
21.5165
40.5859
0.577397
-0.679441
-0.452738
-14.7593
21.5165
40.7433
0.567679
-0.680721
-0.462989
-14.6329
21.5165
40.8983
0.563618
-0.680721
-0.467926
-14.5051
21.5165
41.0521
0.553631
-0.681998
-0.477882
-14.3745
21.5165
41.2035
0.545167
-0.683274
-0.485727
-14.2414
21.5165
41.3529
0.532265
-0.683274
-0.499831
-14.1045
21.5165
41.4987
0.526119
-0.683274
-0.506296
-13.9658
21.5165
41.6428
0.525234
-0.683274
-0.507214
-13.8269
21.5165
41.7866
0.524348
-0.683274
-0.50813
-13.6877
21.5165
41.9303
0.520788
-0.683274
-0.511778
-13.5475
21.5165
42.0729
0.509956
-0.683274
-0.522573
-13.4044
21.5165
42.2126
0.50261
-0.683274
-0.529642
-13.2593
21.5165
42.3503
0.497036
-0.683274
-0.534876
-13.1128
21.5165
42.4864
0.49329
-0.683274
-0.538333
-12.9653
21.5165
42.6215
0.49235
-0.683274
-0.539193
-12.8177
21.5165
42.7564
0.488573
-0.683274
-0.542617
-12.669
21.5165
42.8902
0.484773
-0.683274
-0.546015
-12.5195
21.5165
43.023
0.478066
-0.683274
-0.551896
-12.3683
21.5165
43.1539
0.472057
-0.681998
-0.558606
-12.2155
21.5165
43.283
0.470104
-0.681998
-0.56025
-12.0623
21.5165
43.4116
0.46473
-0.679441
-0.567791
-11.9076
21.5165
43.5383
0.455754
-0.679441
-0.57502
-11.7508
21.5165
43.6625
0.448404
-0.67816
-0.582266
-11.5924
21.5165
43.7845
0.440939
-0.676876
-0.589417
-11.4322
21.5165
43.9043
0.438548
-0.67559
-0.592666
-11.2714
21.5165
44.0233
0.431605
-0.673012
-0.600643
-11.109
21.5165
44.14
0.423176
-0.673012
-0.60661
-10.945
21.5165
44.2544
0.418122
-0.670427
-0.612945
-10.7798
21.5165
44.3671
0.412539
-0.666533
-0.620923
-10.6132
21.5165
44.4778
0.406647
-0.66523
-0.626184
-10.4455
21.5165
44.5868
0.394666
-0.66262
-0.636533
-10.2755
21.5165
44.6921
0.368231
-0.661312
-0.653508
-10.1012
21.5165
44.7903
0.355618
-0.661312
-0.660456
-9.92514
21.5165
44.8851
0.347523
-0.661312
-0.664751
-9.7479
21.5165
44.9778
0.332352
-0.661312
-0.672465
-9.5686
21.5165
45.0664
0.324112
-0.661312
-0.676475
-9.38824
21.5165
45.1528
0.306293
-0.661312
-0.684727
-9.20567
21.5165
45.2345
0.300306
-0.661312
-0.687374
-9.0224
21.5165
45.3146
0.294296
-0.661312
-0.689968
-8.83843
21.5165
45.393
0.284195
-0.66262
-0.692941
-8.71023
21.649
45.6075
0.272058
-0.66262
-0.697796
-8.5783
21.7815
45.8197
0.264737
-0.66262
-0.700606
-8.44416
21.9141
46.0305
0.256157
-0.66262
-0.703788
-8.30745
22.0466
46.2397
0.248773
-0.66262
-0.706432
-8.16856
22.1791
46.4474
0.240124
-0.66262
-0.709419
-8.02715
22.3116
46.6534
0.237646
-0.66262
-0.710253
-7.88501
22.4442
46.8589
0.232682
-0.66262
-0.711894
-7.74145
22.5767
47.0635
0.230195
-0.66262
-0.712702
-7.59717
22.5092
47.2675
0.225214
-0.66262
-0.714292
-7.45147
22.4417
47.4705
0.218972
-0.66262
-0.71623
-7.304
22.3743
47.6722
0.216471
-0.66262
-0.71699
-7.15583
22.3068
47.8734
0.21146
-0.66262
-0.718484
-7.00626
22.2393
48.0736
0.20424
-0.661312
-0.721771
-6.85466
22.1716
48.2724
0.199196
-0.661312
-0.723179
-6.70168
22.1038
48.4701
0.18966
-0.65869
-0.728119
-6.54607
22.0356
48.6661
0.164336
-0.650774
-0.741274
-6.38368
21.9657
48.8577
0.149441
-0.64679
-0.747884
-6.21744
21.8951
49.0465
0.138487
-0.64145
-0.754562
-6.04843
21.8234
49.2335
0.132664
-0.636078
-0.760135
-5.87794
21.7506
49.4199
0.126748
-0.630676
-0.765626
-5.70597
21.6767
49.6057
0.119227
-0.626604
-0.770164
-5.53217
21.602
49.7903
0.115676
-0.622515
-0.774012
-5.35751
21.5265
49.9747
0.111932
-0.619779
-0.776753
-5.18194
21.4505
50.1586
0.109819
-0.614285
-0.781405
-5.00585
21.3733
50.3427
0.106156
-0.610145
-0.785146
-4.82888
21.2954
50.5265
0.10383
-0.605988
-0.788668
-4.65136
21.2166
50.7103
0.101611
-0.60042
-0.793203
-4.4733
21.1367
50.8944
0.0956685
-0.589196
-0.802306
-4.29384
21.0545
51.0785
0.0907483
-0.580703
-0.809042
-4.11324
20.9706
51.2626
0.0847137
-0.566406
-0.819761
-3.93124
20.8839
51.4471
0.0769369
-0.553392
-0.82936
-3.74748
20.7946
51.6315
0.0731774
-0.543174
-0.836425
-3.56288
20.7032
51.8162
0.0720393
-0.5373
-0.840309
-3.37802
20.6107
52.0013
0.069487
-0.529919
-0.845197
-3.19259
20.5167
52.1868
0.0669682
-0.52101
-0.85092
-3.0066
20.4209
52.3726
0.0642684
-0.515038
-0.854755
-2.82002
20.3239
52.5586
0.0644028
-0.512043
-0.856542
-2.63346
20.2263
52.7449
0.0632323
-0.504528
-0.861077
-2.44664
20.1272
52.9318
0.0603485
-0.501511
-0.863044
-2.2592
20.0275
53.1183
0.0604702
-0.498488
-0.864785
-2.07178
19.9272
53.3052
0.0605912
-0.495459
-0.866516
-1.88439
19.8263
53.4925
0.0591376
-0.493942
-0.867482
-1.69668
19.7251
53.6796
0.056275
-0.489382
-0.870252
-1.50835
19.6229
53.8665
0.0533924
-0.48481
-0.872989
-1.3194
19.5199
54.0533
0.0519688
-0.481754
-0.874764
-1.13015
19.4163
54.2402
0.0489616
-0.480223
-0.875779
-0.930458
19.2163
54.2513
0.0475231
-0.477159
-0.877531
-0.730751
19.0163
54.2621
0.0430896
-0.471012
-0.881074
-0.530989
18.8163
54.2719
0.0370062
-0.46793
-0.882991
-0.331165
18.6163
54.2803
0.0339864
-0.464842
-0.884741
-0.131312
18.4163
54.288
0.0263833
-0.457098
-0.889025
0.0685999
18.2162
54.2939
0.0171483
-0.449319
-0.893207
0.268563
18.0162
54.2977
0.00627232
-0.438371
-0.898772
0.468558
17.8162
54.2991
-2.45679e-06
-0.430511
-0.902585
0.668558
17.6162
54.2991
-0.00791778
-0.421036
-0.90701
0.868551
17.4162
54.2974
-0.0207285
-0.406736
-0.91331
1.0685
17.2162
54.2928
-0.0271669
-0.401948
-0.91526
1.26841
17.0162
54.2869
-0.0320315
-0.397148
-0.917196
1.46829
16.8162
54.2799
-0.0352862
-0.393942
-0.918458
1.66814
16.6162
54.2722
-0.0369166
-0.392337
-0.919081
1.86798
16.4162
54.2642
-0.036944
-0.390731
-0.919763
2.06782
16.2162
54.2562
-0.0369713
-0.389124
-0.920443
2.26766
16.0162
54.2482
-0.0369985
-0.387515
-0.92112
2.4675
15.8162
54.2401
-0.0370526
-0.384295
-0.922467
2.4675
15.6162
54.2401
-0.0371062
-0.38107
-0.923801
2.4675
15.4162
54.2401
-0.0371328
-0.379456
-0.924464
2.4675
15.2162
54.2401
-0.0371857
-0.376224
-0.925782
2.4675
15.0162
54.2401
-0.0372382
-0.372988
-0.927089
2.4675
14.8162
54.2401
-0.0372903
-0.369746
-0.928384
2.4675
14.6162
54.2401
-0.0373929
-0.363251
-0.930941
2.4675
14.4162
54.2401
-0.0374183
-0.361624
-0.931573
2.4675
14.2162
54.2401
-0.0374688
-0.358368
-0.932828
2.4675
14.0162
54.2401
-0.0375187
-0.355107
-0.934073
2.4675
13.8162
54.2401
-0.0375683
-0.351841
-0.935306
2.26766
13.6162
54.2482
-0.0375683
-0.351841
-0.935306
2.06782
13.4162
54.2562
-0.0359828
-0.348572
-0.936591
1.86797
13.2162
54.2639
-0.0360524
-0.343659
-0.938402
1.66811
13.0162
54.2715
-0.0360754
-0.34202
-0.939
1.46826
12.8162
54.2792
-0.0344584
-0.340379
-0.939657
1.2684
12.6162
54.2866
-0.0345232
-0.335451
-0.941425
1.06853
12.4162
54.2939
-0.0312752
-0.332161
-0.942704
0.86864
12.2162
54.3005
-0.0296476
-0.330514
-0.943335
0.668739
12.0162
54.3068
-0.0263864
-0.327218
-0.944581
0.468817
11.8162
54.3124
-0.0264023
-0.325568
-0.94515
0.268895
11.6162
54.318
-0.0264181
-0.323917
-0.945717
0.0689729
11.4162
54.3235
-0.0247824
-0.322265
-0.946325
-0.130959
11.2162
54.3288
-0.0182069
-0.317304
-0.948149
-0.330922
11.0162
54.3326
-0.00664086
-0.309017
-0.951033
-0.530917
10.8162
54.334
-1.68363e-06
-0.305695
-0.95213
-0.730917
10.6162
54.334
0.0066638
-0.297374
-0.954738
-0.930912
10.4162
54.3326
0.00835719
-0.28736
-0.957786
-1.1309
10.2162
54.3309
0.0117245
-0.280666
-0.959734
-1.33089
10.0162
54.3284
0.0201699
-0.268919
-0.962951
-1.53085
9.81625
54.3243
0.0269687
-0.258819
-0.965549
-1.73077
9.61625
54.3187
0.0287331
-0.248689
-0.968157
-1.93068
9.41625
54.3127
0.0305028
-0.238533
-0.970655
-2.13058
9.21625
54.3065
0.0339764
-0.22835
-0.972986
-2.33046
9.01625
54.2995
0.0408178
-0.22325
-0.973906
-2.53028
8.81625
54.2911
0.0425679
-0.218143
-0.974988
-2.73009
8.61625
54.2824
0.044321
-0.21303
-0.97604
-2.92989
8.41625
54.2733
0.0460418
-0.211324
-0.976331
-3.12967
8.21625
54.2639
0.0495413
-0.202787
-0.977969
-3.12967
8.01625
54.2639
0.0564673
-0.194234
-0.979329
-3.12967
7.81625
54.2639
0.0599465
-0.189095
-0.980127
-3.12967
7.61625
54.2639
0.0600641
-0.178802
-0.98205
-3.12967
7.41625
54.2639
0.0601388
-0.171929
-0.983272
-3.12967
7.21625
54.2639
0.060193
-0.166768
-0.984157
-3.12967
7.01625
54.2639
0.0619649
-0.161603
-0.984909
-3.12967
6.81625
54.2639
0.0637374
-0.156434
-0.98563
-3.12967
6.61625
54.2639
0.0637894
-0.15126
-0.986434
-3.12967
6.41625
54.2639
0.0638063
-0.149535
-0.986696
-3.12967
6.21625
54.2639
0.0621325
-0.144356
-0.987573
-3.12967
6.01625
54.2639
0.0621791
-0.139173
-0.988314
-3.12967
5.81625
54.2639
0.0622093
-0.135715
-0.988793
-3.12967
5.61625
54.2639
0.0604974
-0.133986
-0.989135
-3.12967
5.41625
54.2639
0.0587848
-0.132256
-0.989471
-3.12967
5.21625
54.2639
0.0571097
-0.125333
-0.99047
-3.12967
5.01625
54.2639
0.0537088
-0.11667
-0.991717
-3.12967
5.01625
54.2639
0.0502766
-0.111468
-0.992495
-3.12967
5.01625
54.2639
0.0451301
-0.101056
-0.993857
-3.12967
5.01625
54.2639
0.0434175
-0.0958452
-0.994449
-3.12967
5.01625
54.2639
0.0399716
-0.0888938
-0.995239
-3.12967
5.01625
54.2639
0.0347904
-0.0784586
-0.99631
-3.12967
5.01625
54.2639
0.0348043
-0.0732377
-0.996707
-3.12967
5.01625
54.2639
0.0348172
-0.0680148
-0.997077
-3.12967
5.01625
54.2639
0.0348213
-0.0662734
-0.997194
-3.12967
5.01625
54.2639
0.0348253
-0.0645318
-0.997308
-3.12967
5.01625
54.2639
0.0348291
-0.06279
-0.997419
-3.12967
5.01625
54.2639
0.0348291
-0.06279
-0.997419
-3.12967
5.01625
54.2639
0.0348291
-0.06279
-0.997419
-3.12967
5.01625
54.2639
0.0348291
-0.06279
-0.997419
-3.12967
5.01625
54.2639
0.0348291
-0.06279
-0.997419
-3.12967
5.01625
54.2639
0.0348291
-0.06279
-0.997419
-3.12967
5.01625
54.2639
0.0348291
-0.06279
-0.997419
-3.12967
5.01625
54.2639
0.0348291
-0.06279
-0.997419
-3.12967
5.01625
54.2639
0.0348291
-0.06279
-0.997419
-3.12967
5.01625
54.2639
0.0348291
-0.06279
-0.997419
-3.12967
5.01625
54.2639
0.0348291
-0.06279
-0.997419
-3.12967
5.01625
54.2639
0.0348291
-0.06279
-0.997419
-3.12967
5.01625
54.2639
0.0348291
-0.06279
-0.997419
-3.12967
5.01625
54.2639
0.0348291
-0.06279
-0.997419
-3.12967
5.01625
54.2639
0.0348291
-0.06279
-0.997419
-3.12967
5.01625
54.2639
0.0348291
-0.06279
-0.997419
-3.12967
5.01625
54.2639
0.0348291
-0.06279
-0.997419
-3.12967
5.01625
54.2639
0.0348291
-0.06279
-0.997419
-3.12967
5.01625
54.2639
0.0348291
-0.06279
-0.997419
-3.12967
5.01625
54.2639
0.0348291
-0.06279
-0.997419
-3.12967
5.01625
54.2639
0.0348291
-0.06279
-0.997419
-3.12967
5.01625
54.2639
0.0348291
-0.06279
-0.997419
-3.12967
5.01625
54.2639
0.0348291
-0.06279
-0.997419
-3.12967
5.01625
54.2639
0.0348291
-0.06279
-0.997419
-3.12967
5.01625
54.2639
0.0348291
-0.06279
-0.997419
-3.12967
5.01625
54.2639
0.0348291
-0.06279
-0.997419
-3.12967
5.01625
54.2639
0.0348291
-0.06279
-0.997419
-3.12967
5.01625
54.2639
0.0348291
-0.06279
-0.997419
-3.12967
5.01625
54.2639
0.0348291
-0.06279
-0.997419
-3.12967
5.01625
54.2639
0.0348291
-0.06279
-0.997419
-3.12967
5.01625
54.2639
0.0348291
-0.06279
-0.997419
-3.12967
5.01625
54.2639
0.0348291
-0.06279
-0.997419
-3.12967
5.01625
54.2639
0.0348291
-0.06279
-0.997419
-3.12967
5.01625
54.2639
0.0348291
-0.06279
-0.997419
-3.12967
5.01625
54.2639
0.0348291
-0.06279
-0.997419
-3.12967
5.01625
54.2639
0.0348291
-0.06279
-0.997419
-3.12967
5.01625
54.2639
0.0348291
-0.06279
-0.997419
-3.12967
5.01625
54.2639
0.0348291
-0.06279
-0.997419
-3.12967
5.01625
54.2639
0.0348291
-0.06279
-0.997419
-3.12967
5.01625
54.2639
0.0348291
-0.06279
-0.997419
-3.12967
5.01625
54.2639
0.0348291
-0.06279
-0.997419
-3.12967
5.01625
54.2639
0.0348291
-0.06279
-0.997419
-3.12967
5.01625
54.2639
0.0348291
-0.06279
-0.997419
-3.12967
5.01625
54.2639
0.0348291
-0.06279
-0.997419
-3.12967
5.01625
54.2639
0.0348291
-0.06279
-0.997419
-3.12967
5.01625
54.2639
0.0348291
-0.06279
-0.997419
-3.12967
5.01625
54.2639
0.0348291
-0.06279
-0.997419
-3.12967
5.01625
54.2639
0.0348291
-0.06279
-0.997419
-3.12967
5.01625
54.2639
0.0348291
-0.06279
-0.997419
-3.12967
5.01625
54.2639
0.0348291
-0.06279
-0.997419
-3.12967
5.01625
54.2639
0.0348291
-0.06279
-0.997419
-3.12967
5.01625
54.2639
0.0348291
-0.06279
-0.997419
-3.12967
5.01625
54.2639
0.0348291
-0.06279
-0.997419
-3.12967
5.01625
54.2639
0.0348291
-0.06279
-0.997419
-3.12967
5.01625
54.2639
0.0348291
-0.06279
-0.997419
-3.12967
5.01625
54.2639
0.0348291
-0.06279
-0.997419
-3.12967
5.01625
54.2639
0.0348291
-0.06279
-0.997419
-3.12967
5.01625
54.2639
0.0348291
-0.06279
-0.997419
-3.12967
5.01625
54.2639
0.0348291
-0.06279
-0.997419
-3.12967
5.01625
54.2639
0.0348291
-0.06279
-0.997419
-3.12967
5.01625
54.2639
0.0348291
-0.06279
-0.997419
-3.12967
5.01625
54.2639
0.0348291
-0.06279
-0.997419
-3.12967
5.01625
54.2639
0.0348291
-0.06279
-0.997419
-3.12967
5.01625
54.2639
0.0348291
-0.06279
-0.997419
-3.12967
5.01625
54.2639
0.0348291
-0.06279
-0.997419
-3.12967
5.01625
54.2639
0.0348291
-0.06279
-0.997419
-3.12967
5.01625
54.2639
0.0348291
-0.06279
-0.997419
-3.12967
5.01625
54.2639
0.0348291
-0.06279
-0.997419
-3.12967
5.01625
54.2639
0.0348291
-0.06279
-0.997419
-3.12967
5.01625
54.2639
0.0348291
-0.06279
-0.997419
-3.12967
5.01625
54.2639
0.0348291
-0.06279
-0.997419
-3.12967
5.01625
54.2639
0.0348291
-0.06279
-0.997419
-3.12967
5.01625
54.2639
0.0348291
-0.06279
-0.997419
-3.12967
5.01625
54.2639
0.0348291
-0.06279
-0.997419
-3.12967
5.01625
54.2639
0.0348291
-0.06279
-0.997419
-3.12967
5.01625
54.2639
0.0348291
-0.06279
-0.997419
-3.12967
5.01625
54.2639
0.0348291
-0.06279
-0.997419
-3.12967
5.01625
54.2639
0.0348291
-0.06279
-0.997419
-3.12967
5.01625
54.2639
0.0348291
-0.06279
-0.997419
-3.12967
5.01625
54.2639
0.0348291
-0.06279
-0.997419
-3.12967
5.01625
54.2639
0.0348291
-0.06279
-0.997419
-3.12967
5.01625
54.2639
0.0348291
-0.06279
-0.997419
-3.12967
5.01625
54.2639
0.0348291
-0.06279
-0.997419
-3.12967
5.01625
54.2639
0.0348291
-0.06279
-0.997419
-3.12967
5.01625
54.2639
0.0348291
-0.06279
-0.997419
-3.12967
5.01625
54.2639
0.0348291
-0.06279
-0.997419
-3.12967
5.01625
54.2639
0.0348291
-0.06279
-0.997419
-3.12967
5.01625
54.2639
0.0348291
-0.06279
-0.997419
-3.12967
5.01625
54.2639
0.0348291
-0.06279
-0.997419
-3.12967
5.01625
54.2639
0.0348291
-0.06279
-0.997419
-3.12967
5.01625
54.2639
0.0348291
-0.06279
-0.997419
-3.12967
5.01625
54.2639
0.0348291
-0.06279
-0.997419
-3.12967
5.01625
54.2639
0.0348291
-0.06279
-0.997419
-3.12967
5.01625
54.2639
0.0348291
-0.06279
-0.997419
-3.12967
5.01625
54.2639
0.0348291
-0.06279
-0.997419
-3.12967
5.01625
54.2639
0.0348291
-0.06279
-0.997419
-3.12967
5.01625
54.2639
0.0348291
-0.06279
-0.997419
-3.12967
5.01625
54.2639
0.0348291
-0.06279
-0.997419
-3.12967
5.01625
54.2639
0.0348291
-0.06279
-0.997419
-3.12967
5.01625
54.2639
0.0348291
-0.06279
-0.997419
-3.12967
5.01625
54.2639
0.0348291
-0.06279
-0.997419
-3.12967
5.01625
54.2639
0.0348291
-0.06279
-0.997419
-3.12967
5.01625
54.2639
0.0348291
-0.06279
-0.997419
-3.12967
5.01625
54.2639
0.0348291
-0.06279
-0.997419
-3.12967
5.01625
54.2639
0.0348291
-0.06279
-0.997419
-3.12967
5.01625
54.2639
0.0348291
-0.06279
-0.997419
-3.12967
5.01625
54.2639
0.0348291
-0.06279
-0.997419
-3.12967
5.01625
54.2639
0.0348291
-0.06279
-0.997419
-3.12967
5.01625
54.2639
0.0348291
-0.06279
-0.997419
-3.12967
5.01625
54.2639
0.0348291
-0.06279
-0.997419
-3.12967
5.01625
54.2639
0.0348291
-0.06279
-0.997419
-3.12967
5.01625
54.2639
0.0348291
-0.06279
-0.997419
-3.12967
5.01625
54.2639
0.0348291
-0.06279
-0.997419
-3.12967
5.01625
54.2639
0.0348291
-0.06279
-0.997419
-3.12967
5.01625
54.2639
0.0348291
-0.06279
-0.997419
-3.12967
5.01625
54.2639
0.0348291
-0.06279
-0.997419
-3.12967
5.01625
54.2639
0.0348291
-0.06279
-0.997419
-3.12967
5.01625
54.2639
0.0348291
-0.06279
-0.997419
-3.12967
5.01625
54.2639
0.0348291
-0.06279
-0.997419
-3.12967
5.01625
54.2639
0.0348291
-0.06279
-0.997419
-3.12967
5.01625
54.2639
0.0348291
-0.06279
-0.997419
-3.12967
5.01625
54.2639
0.0348291
-0.06279
-0.997419
-3.12967
5.01625
54.2639
0.0348291
-0.06279
-0.997419
-3.12967
5.01625
54.2639
0.0348291
-0.06279
-0.997419
-3.12967
5.01625
54.2639
0.0348291
-0.06279
-0.997419
-3.12967
5.01625
54.2639
0.0348291
-0.06279
-0.997419
-3.12967
5.01625
54.2639
0.0348291
-0.06279
-0.997419
-3.12967
5.01625
54.2639
0.0348291
-0.06279
-0.997419
-3.12967
5.01625
54.2639
0.0348291
-0.06279
-0.997419
-3.12967
5.01625
54.2639
0.0348291
-0.06279
-0.997419
-3.12967
5.01625
54.2639
0.0348291
-0.06279
-0.997419
-3.12967
5.01625
54.2639
0.0348291
-0.06279
-0.997419
-3.12967
5.01625
54.2639
0.0348291
-0.06279
-0.997419
-3.12967
5.01625
54.2639
0.0348291
-0.06279
-0.997419
-3.12967
5.01625
54.2639
0.0348291
-0.06279
-0.997419
-3.12967
5.01625
54.2639
0.0348291
-0.06279
-0.997419
-3.12967
5.01625
54.2639
0.0348291
-0.06279
-0.997419
-3.12967
5.01625
54.2639
0.0348291
-0.06279
-0.997419
-3.12967
5.01625
54.2639
0.0348291
-0.06279
-0.997419
-3.12967
5.01625
54.2639
0.0348291
-0.06279
-0.997419
-3.12967
5.01625
54.2639
0.0348291
-0.06279
-0.997419
-3.12967
5.01625
54.2639
0.0348291
-0.06279
-0.997419
-3.12967
5.01625
54.2639
0.0348291
-0.06279
-0.997419
-3.12967
5.01625
54.2639
0.0348291
-0.06279
-0.997419
-3.12967
5.01625
54.2639
0.0348291
-0.06279
-0.997419
-3.12967
5.01625
54.2639
0.0348291
-0.06279
-0.997419
-3.12967
5.01625
54.2639
0.0348291
-0.06279
-0.997419
-3.12967
5.01625
54.2639
0.0348291
-0.06279
-0.997419
-3.12967
5.01625
54.2639
0.0348291
-0.06279
-0.997419
-3.12967
5.01625
54.2639
0.0348291
-0.06279
-0.997419
-3.12967
5.01625
54.2639
0.0348291
-0.06279
-0.997419
-3.12967
5.01625
54.2639
0.0348291
-0.06279
-0.997419
-3.12967
5.01625
54.2639
0.0348291
-0.06279
-0.997419
-3.12967
5.01625
54.2639
0.0348291
-0.06279
-0.997419
-3.12967
5.01625
54.2639
0.0348291
-0.06279
-0.997419
-3.12967
5.01625
54.2639
0.0348291
-0.06279
-0.997419
-3.12967
5.01625
54.2639
0.0348291
-0.06279
-0.997419
-3.12967
5.01625
54.2639
0.0348291
-0.06279
-0.997419
-3.1227
5.00369
54.0644
0.0348291
-0.06279
-0.997419
-3.11573
4.99114
53.8649
0.0348291
-0.06279
-0.997419
-3.10877
4.97858
53.6654
0.0348291
-0.06279
-0.997419
-3.1018
4.96602
53.466
0.0348291
-0.06279
-0.997419
-3.09484
4.95346
53.2665
0.0243822
-0.06279
-0.997729
-3.08996
4.9409
53.0669
-0.0400042
-0.0801984
-0.995976
-3.09796
4.92486
52.8677
-0.0400042
-0.0801984
-0.995976
-3.10596
4.90882
52.6685
-0.0400042
-0.0801984
-0.995976
-3.11396
4.89278
52.4693
-0.0400042
-0.0801984
-0.995976
-3.12196
4.87674
52.2701
-0.0400042
-0.0801984
-0.995976
-3.12996
4.8607
52.0709
-0.0400042
-0.0801984
-0.995976
-3.13796
4.84466
51.8717
-0.0400042
-0.0801984
-0.995976
-3.14597
4.82862
51.6726
-0.0400042
-0.0801984
-0.995976
-3.15397
4.81258
51.4734
-0.0434809
-0.0801984
-0.99583
-3.16266
4.79655
51.2742
-0.0521693
-0.0801984
-0.995413
-3.1731
4.78051
51.0751
-0.0625905
-0.0801984
-0.994812
-3.18561
4.76447
50.8761
-0.0816766
-0.0801984
-0.993427
-3.20195
4.74843
50.6775
-0.100733
-0.0801984
-0.991676
-3.2221
4.73239
50.4791
-0.111112
-0.0801984
-0.990567
-3.24432
4.71635
50.281
-0.123206
-0.0801984
-0.989135
-3.26896
4.70031
50.0832
-0.138765
-0.0767185
-0.987349
-3.29671
4.68496
49.8857
-0.164563
-0.0767185
-0.983379
-3.32963
4.66962
49.689
-0.174852
-0.0767185
-0.981601
-3.3646
4.65427
49.4927
-0.193664
-0.0767185
-0.978064
-3.40333
4.63893
49.2971
-0.219171
-0.0784586
-0.972527
-3.44716
4.62324
49.1026
-0.24452
-0.0801984
-0.966322
-3.49607
4.6072
48.9093
-0.278055
-0.081938
-0.957064
-3.55168
4.59081
48.7179
-0.329405
-0.081938
-0.940627
-3.61756
4.57442
48.5298
-0.35554
-0.081938
-0.931062
-3.68867
4.55804
48.3436
-0.39102
-0.081938
-0.916728
-3.76687
4.54165
48.1602
-0.427495
-0.081938
-0.900297
-3.85237
4.52526
47.9802
-0.477085
-0.081938
-0.875029
-3.94779
4.50887
47.8052
-0.545724
-0.081938
-0.833949
-4.05693
4.49249
47.6384
-0.624499
-0.081938
-0.776715
-4.18183
4.4761
47.4831
-0.664293
-0.081938
-0.742967
-4.31469
4.45971
47.3345
-0.699794
-0.081938
-0.70963
-4.45465
4.44333
47.1925
-0.746439
-0.081938
-0.66039
-4.60394
4.42694
47.0605
-0.779978
-0.081938
-0.62042
-4.75993
4.41055
46.9364
-0.795952
-0.081938
-0.599789
-4.91912
4.39416
46.8164
-0.810368
-0.081938
-0.580164
-5.0812
4.37778
46.7004
-0.816399
-0.081938
-0.571646
-5.24448
4.36139
46.5861
-0.823322
-0.081938
-0.561629
-5.40914
4.345
46.4737
-0.832878
-0.0836773
-0.547095
-5.57572
4.32826
46.3643
-0.838561
-0.0836773
-0.538343
-5.74343
4.31153
46.2566
-0.848741
-0.0836773
-0.522146
-5.91318
4.29479
46.1522
-0.871554
-0.0836773
-0.483107
-6.08749
4.27806
46.0556
-0.875737
-0.0836773
-0.475482
-6.26264
4.26132
45.9605
-0.887092
-0.0836773
-0.453944
-6.44005
4.24459
45.8697
-0.893344
-0.0836773
-0.441515
-6.61872
4.22785
45.7814
-0.893344
-0.0836773
-0.441515
-6.79739
4.21112
45.6931
-0.895643
-0.0836773
-0.436831
-6.97652
4.19438
45.6057
-0.899421
-0.0836773
-0.428999
-7.1564
4.17764
45.5199
-0.906771
-0.0836773
-0.413236
-7.33776
4.16091
45.4373
-0.913151
-0.0836773
-0.398941
-7.52039
4.14417
45.3575
-0.916597
-0.0836773
-0.390958
-7.70371
4.12744
45.2793
-0.92064
-0.0836773
-0.381339
-7.88784
4.1107
45.203
-0.924583
-0.0836773
-0.371677
-8.07275
4.09397
45.1287
-0.927155
-0.0836773
-0.365214
-8.25819
4.07723
45.0557
-0.929682
-0.0836773
-0.358733
-8.44412
4.0605
44.9839
-0.932164
-0.0836773
-0.352234
-8.63055
4.04376
44.9135
-0.934462
-0.0854164
-0.345666
-8.81745
4.02668
44.8443
-0.936259
-0.0854164
-0.340768
-9.0047
4.00959
44.7762
-0.938615
-0.0854164
-0.334223
-9.19242
3.99251
44.7093
-0.938891
-0.081938
-0.334321
-9.3802
3.97612
44.6425
-0.933656
-0.0801984
-0.349077
-9.56693
3.96008
44.5726
-0.921944
-0.0749782
-0.379996
-9.75132
3.94509
44.4966
-0.9178
-0.0662734
-0.391473
-9.93488
3.93183
44.4184
-0.9178
-0.0662734
-0.391473
-10.1184
3.91858
44.3401
-0.9178
-0.0662734
-0.391473
-10.302
3.90532
44.2618
-0.9178
-0.0662734
-0.391473
-10.4856
3.89207
44.1835
-0.9178
-0.0662734
-0.391473
-10.6691
3.87881
44.1052
-0.9178
-0.0662734
-0.391473
-10.8527
3.86556
44.0269
-0.9178
-0.0662734
-0.391473
-11.0362
3.85231
43.9486
-0.9178
-0.0662734
-0.391473
-11.2198
3.83905
43.8703
-0.9178
-0.0662734
-0.391473
-11.4034
3.8258
43.792
-0.9178
-0.0662734
-0.391473
-11.5869
3.81254
43.7137
-0.9178
-0.0662734
-0.391473
-11.7705
3.79929
43.6354
-0.9178
-0.0662734
-0.391473
-11.954
3.78603
43.5571
-0.9178
-0.0662734
-0.391473
-12.1376
3.77278
43.4788
-0.9178
-0.0662734
-0.391473
-12.3212
3.75952
43.4005
-0.9178
-0.0662734
-0.391473
-12.5047
3.74627
43.3223
-0.9178
-0.0662734
-0.391473
-12.6883
3.73301
43.244
-0.9178
-0.0662734
-0.391473
-12.8718
3.71976
43.1657
-0.9178
-0.0662734
-0.391473
-13.0554
3.7065
43.0874
-0.9178
-0.0662734
-0.391473
-13.239
3.69325
43.0091
-0.9178
-0.0662734
-0.391473
-13.4225
3.68
42.9308
-0.9178
-0.0662734
-0.391473
-13.6061
3.66674
42.8525
-0.9178
-0.0662734
-0.391473
-13.7896
3.65349
42.7742
-0.9178
-0.0662734
-0.391473
-13.9732
3.64023
42.6959
-0.9178
-0.0662734
-0.391473
-14.1568
3.62698
42.6176
-0.9178
-0.0662734
-0.391473
-14.3403
3.61372
42.5393
-0.9178
-0.0662734
-0.391473
-14.5239
3.60047
42.461
-0.9178
-0.0662734
-0.391473
-14.7075
3.58721
42.3827
-0.919161
-0.0662734
-0.388267
-14.8913
3.57396
42.3051
-0.935852
-0.0749782
-0.344324
-15.0785
3.55896
42.2362
-0.946778
-0.081938
-0.311283
-15.2678
3.54257
42.174
-0.950511
-0.081938
-0.299693
-15.4579
3.52619
42.114
-0.955101
-0.081938
-0.284726
-15.6489
3.5098
42.0571
-0.958644
-0.0801984
-0.273074
-15.8407
3.49376
42.0025
-0.958644
-0.0801984
-0.273074
-16.0324
3.47772
41.9478
-0.959119
-0.0801984
-0.271401
-16.2242
3.46168
41.8936
-0.961451
-0.0801984
-0.263022
-16.4165
3.44564
41.841
-0.966029
-0.0784586
-0.246237
-16.6097
3.42995
41.7917
-0.968965
-0.0784586
-0.234416
-16.8035
3.41426
41.7448
-0.973548
-0.0749782
-0.21583
-16.9982
3.39926
41.7017
-0.975031
-0.0749782
-0.209027
-17.1932
3.38427
41.6599
-0.979895
-0.069756
-0.186924
-17.3892
3.37031
41.6225
-0.981798
-0.069756
-0.176652
-17.5856
3.35636
41.5871
-0.983828
-0.0662734
-0.166402
-17.7823
3.34311
41.5539
-0.985465
-0.06279
-0.157846
-17.9794
3.33055
41.5223
-0.986011
-0.06279
-0.154404
-18.1766
3.31799
41.4914
-0.987275
-0.0593059
-0.147548
-18.3741
3.30613
41.4619
-0.987885
-0.0575635
-0.144117
-18.5716
3.29462
41.4331
-0.988819
-0.0540783
-0.13897
-18.7694
3.2838
41.4053
-0.98906
-0.0540783
-0.137244
-18.9672
3.27299
41.3778
-0.98939
-0.0523355
-0.135531
-19.1651
3.26252
41.3507
-0.990175
-0.0505925
-0.13036
-19.3631
3.2524
41.3247
-0.99093
-0.0488493
-0.125185
-19.5613
3.24263
41.2996
-0.991444
-0.047106
-0.121735
-19.7596
3.23321
41.2753
-0.992148
-0.0453625
-0.116552
-19.958
3.22414
41.252
-0.993205
-0.0436189
-0.107898
-20.1567
3.21542
41.2304
-0.994079
-0.0401313
-0.100975
-20.3555
3.20739
41.2102
-0.995216
-0.0366432
-0.0905719
-20.5545
3.20006
41.1921
-0.99603
-0.034899
-0.0818893
-20.7537
3.19308
41.1757
-0.996766
-0.0331547
-0.0731983
-20.9531
3.18645
41.1611
-0.997413
-0.0279212
-0.0662479
-21.1526
3.18087
41.1478
-0.997793
-0.0261765
-0.0610277
-21.3521
3.17563
41.1356
-0.99828
-0.0226869
-0.0540654
-21.5518
3.17109
41.1248
-0.99841
-0.0209419
-0.0523261
-21.7515
3.1669
41.1143
-0.998535
-0.019197
-0.0505853
-21.9512
3.16306
41.1042
-0.998738
-0.0174519
-0.0471021
-22.1509
3.15957
41.0948
-0.998818
-0.0174519
-0.045359
-22.3507
3.15608
41.0857
-0.999097
-0.0139617
-0.0401312
-22.5505
3.15329
41.0777
-0.999254
-0.0122165
-0.0366435
-22.7504
3.15085
41.0704
-0.999254
-0.0122165
-0.0366435
-22.9502
3.1484
41.063
-0.999254
-0.0122165
-0.0366435
-23.1501
3.14596
41.0557
-0.999254
-0.0122165
-0.0366435
-23.3499
3.14352
41.0484
-0.999395
-0.0104713
-0.0331561
-23.5498
3.14142
41.0417
-0.999469
-0.00872605
-0.0314124
-23.7497
3.13968
41.0355
-0.999469
-0.00872605
-0.0314124
-23.9496
3.13793
41.0292
-0.999522
-0.00872605
-0.029669
-24.1495
3.13619
41.0232
-0.999522
-0.00872605
-0.029669
-24.3494
3.13444
41.0173
-0.999535
-0.00698077
-0.0296694
-24.5493
3.13305
41.0114
-0.999633
-0.00698077
-0.0261795
-24.7492
3.13165
41.0061
-0.999677
-0.00698077
-0.0244349
-24.9492
3.13025
41.0012
-0.999775
-0.00349017
-0.0209458
-25.1491
3.12956
40.9971
-0.999846
-0.00174484
-0.017457
-25.3491
3.12921
40.9936
-0.999877
4.86339e-07
-0.0157121
-25.5491
3.12921
40.9904
-0.999924
0.00174581
-0.0122219
-25.749
3.12956
40.988
-0.999956
0.00349114
-0.0087307
-25.949
3.13025
40.9862
-0.999962
0.00523645
-0.00698549
-26.149
3.1313
40.9848
-0.999956
0.00872702
-0.00349601
-26.349
3.13305
40.9841
-0.99996
0.00872702
-0.00175085
-26.549
3.13479
40.9838
-0.999945
0.0104723
-6.65151e-06
-26.749
3.13689
40.9838
-0.999945
0.0104723
-6.65151e-06
-26.949
3.13898
40.9838
-0.999924
0.0122175
0.00173844
-27.149
3.14143
40.9841
-0.999901
0.0122175
0.00697367
-27.349
3.14387
40.9855
-0.999865
0.0139627
0.00871851
-27.5489
3.14666
40.9873
-0.999822
0.0157078
0.0104623
-27.7489
3.1498
40.9894
-0.99975
0.0174529
0.0139516
-27.9488
3.15329
40.9922
-0.999664
0.0191979
0.0174405
-28.1488
3.15713
40.9956
-0.999559
0.0226878
0.0191837
-28.3487
3.16167
40.9995
-0.999524
0.0226878
0.0209272
-28.5486
3.16621
41.0037
-0.999524
0.0226878
0.0209272
-28.7485
3.17075
41.0079
-0.999486
0.0226878
0.0226716
-28.9484
3.17528
41.0124
-0.999486
0.0226878
0.0226716
-29.1483
3.17982
41.0169
-0.999486
0.0226878
0.0226716
-29.3482
3.18436
41.0215
-0.999486
0.0226878
0.0226716
-29.5481
3.1889
41.026
-0.999486
0.0226878
0.0226716
-29.748
3.19343
41.0305
-0.999403
0.0244327
0.0244149
-29.9479
3.19832
41.0354
-0.999359
0.0244327
0.026158
-30.1477
3.20321
41.0406
-0.999359
0.0244327
0.026158
-30.3476
3.20809
41.0459
-0.999359
0.0244327
0.026158
-30.5475
3.21298
41.0511
-0.999359
0.0244327
0.026158
-30.7473
3.21787
41.0563
-0.999359
0.0244327
0.026158
-30.9472
3.22275
41.0616
-0.999359
0.0244327
0.026158
-31.1471
3.22764
41.0668
-0.999359
0.0244327
0.026158
-31.347
3.23253
41.072
-0.999359
0.0244327
0.026158
-31.5468
3.23741
41.0773
-0.999359
0.0244327
0.026158
-31.7467
3.2423
41.0825
-0.999359
0.0244327
0.026158
-31.9466
3.24719
41.0877
-0.999359
0.0244327
0.026158
-32.1464
3.25207
41.0929
-0.999359
0.0244327
0.026158
-32.3463
3.25696
41.0982
-0.999359
0.0244327
0.026158
-32.5462
3.26185
41.1034
-0.999359
0.0244327
0.026158
-32.7461
3.26673
41.1086
-0.999359
0.0244327
0.026158
-32.9459
3.27162
41.1139
-0.999359
0.0244327
0.026158
-33.1458
3.27651
41.1191
-0.999359
0.0244327
0.026158
-33.3457
3.28139
41.1243
-0.999359
0.0244327
0.026158
-33.5455
3.28628
41.1296
-0.999359
0.0244327
0.026158
-33.7454
3.29117
41.1348
-0.999359
0.0244327
0.026158
-33.9453
3.29605
41.14
-0.999359
0.0244327
0.026158
-34.1452
3.30094
41.1452
-0.999359
0.0244327
0.026158
-34.345
3.30583
41.1505
-0.999359
0.0244327
0.026158
-34.5449
3.31071
41.1557
-0.999359
0.0244327
0.026158
-34.7448
3.3156
41.1609
-0.999483
0.0244327
0.0209254
-34.9447
3.32049
41.1651
-0.999505
0.0261774
0.0174359
-35.1446
3.32572
41.1686
-0.999534
0.0261774
0.0156915
-35.3445
3.33096
41.1717
-0.999536
0.0279221
0.012202
-35.5444
3.33654
41.1742
-0.999536
0.0279221
0.012202
-35.7443
3.34213
41.1766
-0.999536
0.0279221
0.012202
-35.9442
3.34771
41.1791
-0.999536
0.0279221
0.012202
-36.1441
3.3533
41.1815
-0.999536
0.0279221
0.012202
-36.344
3.35888
41.1839
-0.999536
0.0279221
0.012202
-36.5439
3.36446
41.1864
-0.999536
0.0279221
0.012202
-36.7438
3.37005
41.1888
-0.999536
0.0279221
0.012202
-36.9437
3.37563
41.1913
-0.999536
0.0279221
0.012202
-37.1436
3.38122
41.1937
-0.999536
0.0279221
0.012202
-37.3435
3.3868
41.1962
-0.999536
0.0279221
0.012202
-37.5434
3.39239
41.1986
-0.999536
0.0279221
0.012202
-37.7433
3.39797
41.201
-0.999536
0.0279221
0.012202
-37.9432
3.40356
41.2035
-0.999536
0.0279221
0.012202
-38.1431
3.40914
41.2059
-0.999536
0.0279221
0.012202
-38.3431
3.41472
41.2084
-0.999536
0.0279221
0.012202
-38.543
3.42031
41.2108
-0.999536
0.0279221
0.012202
-38.7429
3.42589
41.2132
-0.999536
0.0279221
0.012202
-38.9428
3.43148
41.2157
-0.999536
0.0279221
0.012202
-39.1427
3.43706
41.2181
-0.999536
0.0279221
0.012202
-39.3426
3.44265
41.2206
-0.999536
0.0279221
0.012202
-39.5425
3.44823
41.223
-0.999536
0.0279221
0.012202
-39.7424
3.45382
41.2255
-0.999536
0.0279221
0.012202
-39.9423
3.4594
41.2279
-0.999536
0.0279221
0.012202
-40.1422
3.46498
41.2303
-0.999536
0.0279221
0.012202
-40.3421
3.47057
41.2328
-0.999536
0.0279221
0.012202
-40.542
3.47615
41.2352
-0.999536
0.0279221
0.012202
-40.7419
3.48174
41.2377
-0.999536
0.0279221
0.012202
-40.9418
3.48732
41.2401
-0.999536
0.0279221
0.012202
-41.1417
3.49291
41.2425
-0.999536
0.0279221
0.012202
-41.3416
3.49849
41.245
-0.999536
0.0279221
0.012202
-41.5415
3.50408
41.2474
-0.999536
0.0279221
0.012202
-41.7414
3.50966
41.2499
-0.999536
0.0279221
0.012202
-41.9413
3.51525
41.2523
-0.999536
0.0279221
0.012202
-42.1413
3.52083
41.2547
-0.999536
0.0279221
0.012202
-42.3412
3.52641
41.2572
-0.999536
0.0279221
0.012202
-42.5411
3.532
41.2596
-0.999536
0.0279221
0.012202
-42.741
3.53758
41.2621
-0.999536
0.0279221
0.012202
-42.9409
3.54317
41.2645
-0.999536
0.0279221
0.012202
-43.1408
3.54875
41.267
-0.999536
0.0279221
0.012202
-43.3407
3.55434
41.2694
-0.999536
0.0279221
0.012202
-43.5406
3.55992
41.2718
-0.999536
0.0279221
0.012202
-43.7405
3.56551
41.2743
-0.999536
0.0279221
0.012202
-43.9404
3.57109
41.2767
-0.999536
0.0279221
0.012202
-44.1403
3.57667
41.2792
-0.999536
0.0279221
0.012202
-44.1403
3.57667
41.2792
-0.999536
0.0279221
0.012202
-44.1403
3.57667
41.2792
-0.999536
0.0279221
0.012202
-44.1403
3.57667
41.2792
-0.999536
0.0279221
0.012202
-44.1403
3.57667
41.2792
-0.999536
0.0279221
0.012202
-44.1403
3.57667
41.2792
-0.999536
0.0279221
0.012202
-44.1403
3.57667
41.2792
-0.999536
0.0279221
0.012202
-44.1403
3.57667
41.2792
-0.999536
0.0279221
0.012202
-44.1403
3.57667
41.2792
-0.999536
0.0279221
0.012202
-44.1403
3.57667
41.2792
-0.999536
0.0279221
0.012202
-44.1403
3.57667
41.2792
-0.999536
0.0279221
0.012202
-44.1403
3.57667
41.2792
-0.999536
0.0279221
0.012202
-44.1403
3.57667
41.2792
-0.999536
0.0279221
0.012202
-44.1403
3.57667
41.2792
-0.999536
0.0279221
0.012202
-44.1403
3.57667
41.2792
-0.999536
0.0279221
0.012202
-44.1403
3.57667
41.2792
-0.999536
0.0279221
0.012202
-44.1403
3.57667
41.2792
-0.999536
0.0279221
0.012202
-44.1403
3.57667
41.2792
-0.999536
0.0279221
0.012202
-44.1403
3.57667
41.2792
-0.999536
0.0279221
0.012202
-44.1403
3.57667
41.2792
-0.999536
0.0279221
0.012202
-44.1403
3.57667
41.2792
-0.999536
0.0279221
0.012202
-44.1403
3.57667
41.2792
-0.999536
0.0279221
0.012202
